  2.0010000e+003  2.4640000e+003  1.2320000e+003  4.0000000e+000  0.0000000e+000  0.0000000e+000  0.0000000e+000  0.0000000e+000  0.0000000e+000  1.5850000e+003  1.5600000e+002  4.4990000e+003
  2.0040000e+003  3.5040000e+003  3.1040000e+003  8.0000000e+000  0.0000000e+000  0.0000000e+000  0.0000000e+000  0.0000000e+000  0.0000000e+000  1.5650000e+003  1.5600000e+002  4.4990000e+003
  2.0070000e+003  3.8880000e+003  3.4560000e+003  1.0000000e+001  0.0000000e+000  0.0000000e+000  0.0000000e+000  0.0000000e+000  0.0000000e+000  1.3350000e+003  1.5600000e+002  4.4990000e+003
  2.0050000e+003  3.5040000e+003  3.1040000e+003  8.0000000e+000  0.0000000e+000  0.0000000e+000  0.0000000e+000  0.0000000e+000  0.0000000e+000  1.5650000e+003  1.5600000e+002  4.4990000e+003
  2.0020000e+003  4.0640000e+003  2.0320000e+003  1.1000000e+001  0.0000000e+000  0.0000000e+000  0.0000000e+000  0.0000000e+000  0.0000000e+000  1.5850000e+003  1.5600000e+002  7.9990000e+003
  2.0040000e+003  4.9920000e+003  3.6000000e+003  1.6000000e+001  0.0000000e+000  0.0000000e+000  0.0000000e+000  0.0000000e+000  0.0000000e+000  1.5650000e+003  1.5600000e+002  7.9990000e+003
  2.0070000e+003  5.6160000e+003  4.9920000e+003  2.1000000e+001  0.0000000e+000  0.0000000e+000  0.0000000e+000  0.0000000e+000  0.0000000e+000  1.3850000e+003  1.5000000e+002  7.9990000e+003
  2.0040000e+003  3.0080000e+003  2.2400000e+003  6.0000000e+000  0.0000000e+000  0.0000000e+000  0.0000000e+000  0.0000000e+000  0.0000000e+000  6.2000000e+002  1.4200000e+002  4.4990000e+003
  2.0010000e+003  3.0080000e+003  2.0000000e+003  5.0000000e+000  0.0000000e+000  0.0000000e+000  0.0000000e+000  0.0000000e+000  0.0000000e+000  1.2000000e+003  1.5700000e+002  4.6990000e+003
  2.0050000e+003  2.4640000e+003  1.8400000e+003  4.0000000e+000  0.0000000e+000  0.0000000e+000  0.0000000e+000  0.0000000e+000  0.0000000e+000  1.2000000e+003  1.5800000e+002  4.6990000e+003
  2.0040000e+003  4.2880000e+003  3.2160000e+003  1.2000000e+001  0.0000000e+000  0.0000000e+000  0.0000000e+000  0.0000000e+000  0.0000000e+000  1.2000000e+003  1.5800000e+002  4.6990000e+003
  2.0060000e+003  4.2880000e+003  3.2160000e+003  1.2000000e+001  0.0000000e+000  0.0000000e+000  0.0000000e+000  0.0000000e+000  0.0000000e+000  1.2000000e+003  1.5800000e+002  4.6990000e+003
  2.0070000e+003  4.2560000e+003  3.1840000e+003  1.2000000e+001  0.0000000e+000  0.0000000e+000  0.0000000e+000  0.0000000e+000  0.0000000e+000  1.3000000e+003  1.6000000e+002  4.9990000e+003
  2.0050000e+003  3.2640000e+003  2.5920000e+003  8.0000000e+000  2.8000000e+001  2.8000000e+001  3.0000000e+001  2.0000000e+000  2.6000000e+001  2.0000000e+002  1.0700000e+002  4.9990000e+003
  2.0010000e+003  2.0480000e+003  1.0240000e+003  3.0000000e+000  3.5000000e+001  1.0500000e+002  2.4000000e+001  1.0000000e+000  8.0000000e+000  3.2000000e+002  1.4200000e+002  4.9990000e+003
