  2.0030000e+003  2.0480000e+003  1.6000000e+003  3.0000000e+000  3.3000000e+001  3.3000000e+001  2.0000000e+001  5.0000000e+000  3.2000000e+001  2.2500000e+002  1.1100000e+002  1.3900000e+002
  2.0040000e+003  2.0480000e+003  1.6000000e+003  3.0000000e+000  3.3000000e+001  3.3000000e+001  0.0000000e+000  5.0000000e+000  0.0000000e+000  2.0500000e+002  1.1000000e+002  1.3900000e+002
  2.0040000e+003  2.0480000e+003  1.6000000e+003  3.0000000e+000  4.5000000e+001  1.0000000e+002  0.0000000e+000  5.0000000e+000  1.6000000e+001  2.5500000e+002  1.0700000e+002  1.3900000e+002
  2.0050000e+003  2.0480000e+003  1.6000000e+003  3.0000000e+000  4.1000000e+001  1.3100000e+002  0.0000000e+000  1.0000000e+000  1.6000000e+001  1.9500000e+002  1.0300000e+002  1.3900000e+002
  2.0060000e+003  2.2720000e+003  1.6000000e+003  4.0000000e+000  3.9000000e+001  1.2500000e+002  4.7000000e+001  1.0000000e+000  1.6000000e+001  2.0000000e+002  1.0300000e+002  1.3900000e+002
  2.0060000e+003  2.2720000e+003  1.6000000e+003  4.0000000e+000  3.9000000e+001  1.5600000e+002  4.7000000e+001  1.0000000e+000  1.6000000e+001  2.1000000e+002  1.0300000e+002  1.3900000e+002
  2.0050000e+003  2.0480000e+003  1.6000000e+003  3.0000000e+000  3.5000000e+001  1.4000000e+002  0.0000000e+000  5.0000000e+000  1.6000000e+001  2.3000000e+002  9.1000000e+001  1.3900000e+002
  2.0050000e+003  2.2720000e+003  1.6000000e+003  3.0000000e+000  3.5000000e+001  1.4000000e+002  0.0000000e+000  5.0000000e+000  1.6000000e+001  2.3000000e+002  9.1000000e+001  1.4900000e+002
  2.0030000e+003  2.0480000e+003  1.6000000e+003  3.0000000e+000  3.5000000e+001  1.0500000e+002  4.6000000e+001  5.0000000e+000  1.6000000e+001  3.1500000e+002  1.0100000e+002  1.3900000e+002
  2.0040000e+003  2.0480000e+003  1.6000000e+003  3.0000000e+000  3.5000000e+001  1.0500000e+002  4.6000000e+001  5.0000000e+000  3.2000000e+001  3.1500000e+002  1.0100000e+002  1.3900000e+002
  2.0030000e+003  2.2720000e+003  1.6000000e+003  3.0000000e+000  3.8000000e+001  1.1400000e+002  4.6000000e+001  5.0000000e+000  3.2000000e+001  3.5000000e+002  1.0300000e+002  1.3900000e+002
  2.0040000e+003  2.2720000e+003  1.6000000e+003  4.0000000e+000  3.5000000e+001  1.0500000e+002  0.0000000e+000  5.0000000e+000  3.2000000e+001  3.0000000e+002  1.0100000e+002  1.3900000e+002
  2.0000000e+003  2.1600000e+003  1.4400000e+003  3.0000000e+000  0.0000000e+000  0.0000000e+000  0.0000000e+000  0.0000000e+000  1.6000000e+001  8.5500000e+002  1.5000000e+002  5.4900000e+002
  2.0000000e+003  2.0480000e+003  1.0240000e+003  3.0000000e+000  3.4000000e+001  1.0200000e+002  7.0000000e+001  6.0000000e+000  1.6000000e+001  4.9000000e+002  1.2000000e+002  4.9900000e+002
  2.0010000e+003  2.2720000e+003  1.6000000e+003  3.0000000e+000  3.4000000e+001  1.0200000e+002  7.0000000e+001  6.0000000e+000  3.2000000e+001  5.1000000e+002  1.2100000e+002  4.9900000e+002
  2.0020000e+003  2.2720000e+003  1.6000000e+003  3.0000000e+000  3.5000000e+001  1.4000000e+002  5.0000000e+001  5.0000000e+000  3.2000000e+001  4.9000000e+002  1.2100000e+002  4.9900000e+002
  2.0030000e+003  2.5920000e+003  1.6000000e+003  5.0000000e+000  3.5000000e+001  1.4000000e+002  5.0000000e+001  5.0000000e+000  3.2000000e+001  4.9000000e+002  1.2100000e+002  1.4900000e+002
  1.9990000e+003  1.6000000e+003  1.2800000e+003  1.0000000e+000  3.5000000e+001  7.0000000e+001  4.6000000e+001  1.2000000e+001  8.0000000e+000  3.2000000e+002  1.0600000e+002  3.9900000e+002
  2.0040000e+003  2.0480000e+003  1.6000000e+003  3.0000000e+000  3.8000000e+001  3.8000000e+002  1.0000000e+001  1.0000000e+001  3.2000000e+001  4.6900000e+002  1.1100000e+002  3.9900000e+002
  2.0000000e+003  2.0480000e+003  1.0240000e+003  3.0000000e+000  3.2000000e+001  6.4000000e+001  6.6000000e+001  1.2000000e+001  1.6000000e+001  3.2000000e+002  1.0600000e+002  3.9900000e+002
  2.0020000e+003  2.0480000e+003  1.6000000e+003  3.0000000e+000  3.5000000e+001  7.0000000e+001  4.7000000e+001  1.0000000e+001  1.6000000e+001  2.5000000e+002  8.7000000e+001  1.9900000e+002
  2.0010000e+003  2.0480000e+003  1.6000000e+003  3.0000000e+000  3.5000000e+001  1.0500000e+002  8.0000000e+001  1.0000000e+001  1.6000000e+001  3.2300000e+002  1.1200000e+002  3.9900000e+002
  2.0010000e+003  2.2720000e+003  1.6000000e+003  3.0000000e+000  3.5000000e+001  1.0500000e+002  8.0000000e+001  1.0000000e+001  1.6000000e+001  3.2300000e+002  1.1200000e+002  1.3900000e+002
  2.0030000e+003  2.2720000e+003  1.6000000e+003  3.0000000e+000  3.6000000e+001  1.0800000e+002  4.6000000e+001  5.0000000e+000  3.2000000e+001  2.3000000e+002  8.7000000e+001  1.3900000e+002
  2.0040000e+003  2.2720000e+003  1.6000000e+003  3.0000000e+000  3.6000000e+001  1.0800000e+002  0.0000000e+000  5.0000000e+000  3.2000000e+001  2.1500000e+002  8.7000000e+001  1.3900000e+002
  2.0020000e+003  2.2720000e+003  1.6000000e+003  3.0000000e+000  3.5000000e+001  1.0500000e+002  5.0000000e+001  1.0000000e+001  3.2000000e+001  3.2300000e+002  1.1200000e+002  1.3900000e+002
  2.0030000e+003  2.5920000e+003  1.6000000e+003  5.0000000e+000  3.5000000e+001  1.0500000e+002  5.0000000e+001  1.0000000e+001  3.2000000e+001  3.2300000e+002  1.1200000e+002  3.9900000e+002
  2.0040000e+003  2.5920000e+003  1.6000000e+003  5.0000000e+000  2.8000000e+001  1.0000000e+002  5.0000000e+001  4.0000000e+000  3.2000000e+001  3.0000000e+002  1.1400000e+002  3.9900000e+002
  2.0030000e+003  2.2720000e+003  1.6000000e+003  3.0000000e+000  3.8000000e+001  3.8000000e+001  0.0000000e+000  3.0000000e+000  3.2000000e+001  1.4000000e+002  9.0000000e+001  1.9900000e+002
  2.0030000e+003  2.0480000e+003  1.6000000e+003  3.0000000e+000  3.5000000e+001  7.0000000e+001  4.7000000e+001  1.0000000e+001  1.6000000e+001  1.8500000e+002  8.5000000e+001  1.9900000e+002
  2.0040000e+003  2.0480000e+003  1.6000000e+003  3.0000000e+000  3.5000000e+001  7.0000000e+001  0.0000000e+000  1.0000000e+001  1.6000000e+001  1.9500000e+002  8.5000000e+001  1.9900000e+002
  2.0040000e+003  2.0480000e+003  1.6000000e+003  3.0000000e+000  3.5000000e+001  1.0500000e+002  0.0000000e+000  3.0000000e+000  1.6000000e+001  1.3500000e+002  8.6000000e+001  1.9900000e+002
  2.0040000e+003  2.2720000e+003  1.6000000e+003  3.0000000e+000  3.5000000e+001  1.0500000e+002  0.0000000e+000  3.0000000e+000  1.6000000e+001  1.4700000e+002  8.6000000e+001  1.9900000e+002
  2.0040000e+003  2.0480000e+003  1.6000000e+003  3.0000000e+000  3.6000000e+001  1.0200000e+002  4.0000000e+001  1.7000000e+001  9.0000000e+000  1.2300000e+002  8.8000000e+001  2.4900000e+002
  2.0030000e+003  1.6000000e+003  1.2800000e+003  1.0000000e+000  3.5000000e+001  3.5000000e+001  8.0000000e+001  3.0000000e+001  1.0000000e+001  1.0000000e+002  8.3000000e+001  2.4900000e+002
  2.0030000e+003  2.0480000e+003  1.6000000e+003  3.0000000e+000  3.5000000e+001  3.5000000e+001  8.0000000e+001  8.0000000e+001  1.0000000e+001  1.1000000e+002  9.0000000e+001  2.4900000e+002
  2.0030000e+003  2.0480000e+003  1.6000000e+003  3.0000000e+000  3.5000000e+001  1.0500000e+002  4.0000000e+001  6.0000000e+000  1.6000000e+001  1.7000000e+002  8.7000000e+001  3.2900000e+002
  2.0040000e+003  2.0480000e+003  1.6000000e+003  3.0000000e+000  3.5000000e+001  1.0500000e+002  4.0000000e+001  6.0000000e+000  9.0000000e+000  1.5000000e+002  8.7000000e+001  3.2900000e+002
  2.0030000e+003  2.3040000e+003  1.6000000e+003  4.0000000e+000  3.5000000e+001  1.0500000e+002  4.0000000e+001  6.0000000e+000  1.6000000e+001  1.7000000e+002  8.7000000e+001  3.2900000e+002
  2.0040000e+003  2.3040000e+003  1.6000000e+003  4.0000000e+000  3.5000000e+001  1.0500000e+002  4.0000000e+001  6.0000000e+000  9.0000000e+000  1.5000000e+002  8.7000000e+001  3.2900000e+002
  2.0000000e+003  2.0480000e+003  1.0240000e+003  3.0000000e+000  4.1000000e+001  4.1000000e+001  5.0000000e+001  1.0000000e+001  1.6000000e+001  2.4500000e+002  1.1500000e+002  2.4900000e+002
  2.0000000e+003  2.0480000e+003  1.0240000e+003  3.0000000e+000  3.3000000e+001  1.0000000e+002  3.0000000e+001  6.0000000e+000  1.6000000e+001  3.6000000e+002  1.3400000e+002  2.4900000e+002
  2.0010000e+003  2.0480000e+003  1.0240000e+003  3.0000000e+000  3.3000000e+001  1.0000000e+002  3.0000000e+001  6.0000000e+000  1.6000000e+001  3.6000000e+002  1.3400000e+002  2.4900000e+002
  2.0010000e+003  2.2400000e+003  1.6000000e+003  3.0000000e+000  3.4000000e+001  1.0200000e+002  3.0000000e+001  6.0000000e+000  1.6000000e+001  4.2000000e+002  1.1800000e+002  2.4900000e+002
  2.0020000e+003  2.5600000e+003  1.6000000e+003  4.0000000e+000  3.4000000e+001  1.0200000e+002  3.0000000e+001  6.0000000e+000  1.6000000e+001  4.2000000e+002  1.1800000e+002  2.4900000e+002
  2.0020000e+003  2.0480000e+003  1.6000000e+003  3.0000000e+000  3.8000000e+001  1.1300000e+002  4.0000000e+001  1.4000000e+001  1.1000000e+001  2.4000000e+002  9.0000000e+001  2.4900000e+002
  2.0020000e+003  2.3040000e+003  2.2400000e+003  4.0000000e+000  3.8000000e+001  1.1300000e+002  4.0000000e+001  1.4000000e+001  1.1000000e+001  2.4000000e+002  9.0000000e+001  2.4900000e+002
  2.0030000e+003  2.3040000e+003  2.2400000e+003  4.0000000e+000  3.9000000e+001  1.1700000e+002  6.0000000e+001  1.0000000e+001  1.1000000e+001  2.1000000e+002  8.8000000e+001  2.4900000e+002
  2.0040000e+003  2.3040000e+003  2.2400000e+003  3.0000000e+000  3.9000000e+001  1.1700000e+002  6.0000000e+001  1.0000000e+001  9.0000000e+000  1.9800000e+002  8.8000000e+001  2.4900000e+002
  2.0020000e+003  2.5600000e+003  1.6000000e+003  4.0000000e+000  3.5000000e+001  1.0500000e+002  6.0000000e+001  1.5000000e+001  0.0000000e+000  2.6000000e+002  1.1200000e+002  5.4900000e+002
  2.0040000e+003  2.5600000e+003  1.6000000e+003  4.0000000e+000  3.4000000e+001  1.0200000e+002  5.0000000e+001  5.0000000e+000  1.6000000e+001  2.0000000e+002  9.2000000e+001  1.5900000e+002
  2.0010000e+003  2.0480000e+003  1.6000000e+003  3.0000000e+000  3.4000000e+001  1.0200000e+002  5.0000000e+001  5.0000000e+000  1.6000000e+001  3.6000000e+002  1.0700000e+002  3.9900000e+002
  2.0030000e+003  2.0480000e+003  1.6000000e+003  3.0000000e+000  3.4000000e+001  1.0200000e+002  5.0000000e+001  1.1000000e+001  1.6000000e+001  2.8500000e+002  1.0500000e+002  3.9900000e+002
  2.0030000e+003  2.3040000e+003  1.6000000e+003  4.0000000e+000  3.4000000e+001  1.0200000e+002  5.0000000e+001  1.1000000e+001  1.6000000e+001  2.8500000e+002  1.0500000e+002  1.2900000e+002
  2.0040000e+003  2.3040000e+003  1.6000000e+003  4.0000000e+000  3.4000000e+001  1.0200000e+002  5.0000000e+001  1.1000000e+001  1.6000000e+001  2.0300000e+002  9.2000000e+001  1.2900000e+002
  2.0000000e+003  2.4000000e+003  1.2800000e+003  2.0000000e+000  3.6000000e+001  3.6000000e+001  5.0000000e+001  6.0000000e+000  6.4000000e+001  2.0000000e+002  8.5500000e+001  1.6900000e+002
  2.0010000e+003  2.4000000e+003  1.6000000e+003  2.0000000e+000  3.6000000e+001  3.6000000e+001  5.0000000e+001  6.0000000e+000  6.4000000e+001  2.0000000e+002  8.5500000e+001  1.6900000e+002
  2.0010000e+003  1.6000000e+003  1.2800000e+003  1.0000000e+000  3.6000000e+001  3.6000000e+001  8.0000000e+001  8.0000000e+000  8.0000000e+000  2.4000000e+002  1.1000000e+002  1.6900000e+002
  2.0000000e+003  1.6000000e+003  1.2800000e+003  1.0000000e+000  3.8000000e+001  1.1400000e+002  8.0000000e+001  1.0000000e+001  8.0000000e+000  2.9000000e+002  1.2500000e+002  1.6900000e+002
  2.0010000e+003  1.6000000e+003  1.2800000e+003  1.0000000e+000  3.8000000e+001  1.1400000e+002  8.0000000e+001  1.0000000e+001  1.6000000e+001  2.6000000e+002  9.9000000e+001  1.6900000e+002
  2.0020000e+003  1.6000000e+003  1.2800000e+003  1.0000000e+000  3.8000000e+001  1.1400000e+002  8.0000000e+001  8.0000000e+000  1.6000000e+001  2.3500000e+002  1.0000000e+002  1.6900000e+002
  2.0010000e+003  1.6000000e+003  1.2800000e+003  1.0000000e+000  3.8000000e+001  2.2800000e+002  8.0000000e+001  1.0000000e+001  1.6000000e+001  3.6000000e+002  9.5000000e+001  1.6900000e+002
  2.0010000e+003  1.6000000e+003  1.2800000e+003  1.0000000e+000  3.8000000e+001  3.8000000e+001  6.0000000e+001  8.0000000e+000  1.6000000e+001  2.0000000e+002  8.5000000e+001  1.9900000e+002
  2.0020000e+003  2.0480000e+003  1.6000000e+003  3.0000000e+000  3.8000000e+001  2.2800000e+002  8.0000000e+001  1.0000000e+001  1.6000000e+001  4.0000000e+002  1.0000000e+002  3.9900000e+002
  2.0010000e+003  2.4000000e+003  1.6000000e+003  2.0000000e+000  3.6000000e+001  1.0800000e+002  6.0000000e+001  2.0000000e+001  1.6000000e+001  2.8000000e+002  8.0000000e+001  1.6900000e+002
  2.0000000e+003  2.4000000e+003  1.6000000e+003  2.0000000e+000  3.5000000e+001  2.1000000e+002  5.0000000e+001  1.0000000e+001  1.6000000e+001  4.5000000e+002  1.1000000e+002  1.6900000e+002
  2.0040000e+003  2.0160000e+003  1.6000000e+003  3.0000000e+000  3.8000000e+001  3.8000000e+001  8.0000000e+001  9.0000000e+000  1.6000000e+001  1.7000000e+002  1.0200000e+002  1.6900000e+002
  2.0020000e+003  1.6000000e+003  1.2800000e+003  1.0000000e+000  3.6000000e+001  3.6000000e+001  8.0000000e+001  8.0000000e+000  1.6000000e+001  1.8000000e+002  9.9000000e+001  1.6900000e+002
  2.0010000e+003  1.6000000e+003  1.2800000e+003  1.0000000e+000  3.6000000e+001  3.6000000e+001  8.0000000e+001  8.0000000e+000  1.6000000e+001  1.9000000e+002  9.9000000e+001  1.6900000e+002
  2.0020000e+003  1.6000000e+003  1.2800000e+003  1.0000000e+000  3.8000000e+001  1.1400000e+002  6.0000000e+001  1.0000000e+001  1.6000000e+001  1.8000000e+002  9.7000000e+001  1.6900000e+002
  2.0030000e+003  1.6000000e+003  1.2800000e+003  1.0000000e+000  3.6000000e+001  1.0800000e+002  8.0000000e+001  1.0000000e+001  1.6000000e+001  2.2500000e+002  9.9000000e+001  1.6900000e+002
  2.0030000e+003  2.0480000e+003  1.6000000e+003  3.0000000e+000  3.6000000e+001  1.0800000e+002  8.0000000e+001  1.0000000e+001  1.6000000e+001  2.2500000e+002  9.9000000e+001  1.6900000e+002
  2.0020000e+003  2.0480000e+003  1.6000000e+003  3.0000000e+000  3.8000000e+001  1.1400000e+002  6.0000000e+001  1.0000000e+001  1.6000000e+001  1.8000000e+002  9.7000000e+001  1.6900000e+002
  2.0040000e+003  2.0160000e+003  1.6000000e+003  3.0000000e+000  3.8000000e+001  1.1400000e+002  6.0000000e+001  1.0000000e+001  1.6000000e+001  1.6000000e+002  1.0400000e+002  1.6900000e+002
  2.0040000e+003  2.2720000e+003  1.6000000e+003  4.0000000e+000  3.8000000e+001  1.1400000e+002  6.0000000e+001  1.0000000e+001  1.6000000e+001  1.6000000e+002  1.0400000e+002  1.6900000e+002
  2.0050000e+003  2.3040000e+003  2.0480000e+003  4.0000000e+000  3.5000000e+001  1.0500000e+002  6.0000000e+001  6.0000000e+000  1.6000000e+001  1.9200000e+002  9.0000000e+001  1.6900000e+002
  2.0060000e+003  2.3030000e+003  1.6000000e+003  4.0000000e+000  3.8000000e+001  1.1400000e+002  6.0000000e+001  1.0000000e+001  1.2000000e+001  1.7000000e+002  9.3000000e+001  1.6900000e+002
  2.0040000e+003  2.3040000e+003  1.6000000e+003  4.0000000e+000  2.8000000e+001  9.1000000e+001  6.0000000e+001  6.0000000e+000  1.6000000e+001  2.2600000e+002  1.0100000e+002  1.6900000e+002
  2.0020000e+003  2.3040000e+003  1.6000000e+003  2.0000000e+000  3.8000000e+001  1.1400000e+002  6.0000000e+001  1.0000000e+001  1.6000000e+001  2.0000000e+002  8.5000000e+001  1.6900000e+002
  2.0020000e+003  2.3040000e+003  1.6000000e+003  2.0000000e+000  3.9000000e+001  3.9000000e+001  5.0000000e+001  6.0000000e+000  1.6000000e+001  1.4500000e+002  7.7000000e+001  1.9900000e+002
  2.0040000e+003  2.3040000e+003  1.6000000e+003  3.0000000e+000  3.8000000e+001  1.3000000e+002  6.0000000e+001  9.0000000e+000  1.6000000e+001  1.8000000e+002  7.5000000e+001  1.6900000e+002
  2.0030000e+003  2.0480000e+003  1.6000000e+003  3.0000000e+000  3.8000000e+001  2.2800000e+002  8.0000000e+001  1.0000000e+001  1.6000000e+001  4.0000000e+002  1.0000000e+002  2.2900000e+002
  2.0040000e+003  2.2720000e+003  1.6000000e+003  4.0000000e+000  3.9000000e+001  2.3400000e+002  8.0000000e+001  1.0000000e+001  1.6000000e+001  3.8500000e+002  1.0000000e+002  2.2900000e+002
  2.0040000e+003  2.2720000e+003  1.6000000e+003  4.0000000e+000  3.7000000e+001  3.7000000e+002  9.0000000e+001  1.0000000e+001  1.6000000e+001  3.8700000e+002  1.1300000e+002  2.2900000e+002
  1.9990000e+003  1.8000000e+003  1.2800000e+003  2.0000000e+000  3.5000000e+001  3.5000000e+001  5.0000000e+001  9.0000000e+000  4.0000000e+000  2.6000000e+002  8.0000000e+001  1.6900000e+002
  1.9990000e+003  1.8000000e+003  1.2800000e+003  2.0000000e+000  3.5000000e+001  1.0500000e+002  9.0000000e+001  2.5000000e+001  8.0000000e+000  3.8500000e+002  1.3000000e+002  1.7900000e+002
  2.0000000e+003  2.4000000e+003  1.2800000e+003  2.0000000e+000  3.6000000e+001  1.0800000e+002  8.0000000e+001  2.0000000e+001  1.6000000e+001  2.8000000e+002  7.8000000e+001  1.6900000e+002
  2.0020000e+003  2.2720000e+003  1.1360000e+003  3.0000000e+000  3.7000000e+001  1.1100000e+002  5.0000000e+001  1.4000000e+001  0.0000000e+000  2.4500000e+002  9.5000000e+001  1.7900000e+002
  2.0020000e+003  2.2720000e+003  1.1360000e+003  3.0000000e+000  3.7000000e+001  3.0000000e+002  5.0000000e+001  1.0000000e+001  0.0000000e+000  4.8900000e+002  1.1400000e+002  1.7900000e+002
  2.0030000e+003  2.6080000e+003  1.2960000e+003  5.0000000e+000  3.7000000e+001  1.1100000e+002  5.0000000e+001  1.4000000e+001  3.2000000e+001  2.6000000e+002  9.7000000e+001  1.7900000e+002
  2.0030000e+003  2.6080000e+003  1.2960000e+003  5.0000000e+000  3.7000000e+001  3.0000000e+002  5.0000000e+001  1.0000000e+001  3.2000000e+001  5.0000000e+002  1.2300000e+002  1.7900000e+002
  2.0050000e+003  2.3200000e+003  1.6000000e+003  4.0000000e+000  3.6000000e+001  3.6000000e+001  0.0000000e+000  0.0000000e+000  1.6000000e+001  1.7200000e+002  1.0900000e+002  1.7900000e+002
  2.0050000e+003  2.3200000e+003  1.6000000e+003  4.0000000e+000  3.6000000e+001  3.6000000e+001  0.0000000e+000  1.0000000e+001  1.6000000e+001  1.7200000e+002  1.0900000e+002  1.7900000e+002
  2.0040000e+003  2.0800000e+003  1.2800000e+003  3.0000000e+000  4.0000000e+001  1.1100000e+002  8.0000000e+001  1.0000000e+001  1.6000000e+001  1.7700000e+002  1.0700000e+002  1.7900000e+002
  2.0040000e+003  2.3200000e+003  1.2800000e+003  4.0000000e+000  4.0000000e+001  1.1100000e+002  5.0000000e+001  1.0000000e+001  1.6000000e+001  1.9000000e+002  9.5000000e+001  1.7900000e+002
  2.0040000e+003  2.3200000e+003  1.2800000e+003  4.0000000e+000  3.5000000e+001  1.0500000e+002  5.0000000e+001  6.0000000e+000  3.2000000e+001  2.0500000e+002  9.6000000e+001  1.7900000e+002
  2.0040000e+003  2.3200000e+003  1.2800000e+003  4.0000000e+000  3.5000000e+001  1.0500000e+002  5.0000000e+001  1.4000000e+001  3.2000000e+001  2.0500000e+002  9.6000000e+001  1.7900000e+002
  2.0040000e+003  2.6080000e+003  1.2960000e+003  5.0000000e+000  3.9000000e+001  1.1700000e+002  5.0000000e+001  1.4000000e+001  3.2000000e+001  1.5000000e+002  9.3000000e+001  1.7900000e+002
  2.0010000e+003  2.0320000e+003  1.0240000e+003  3.0000000e+000  3.7000000e+001  8.6000000e+001  5.0000000e+001  2.0000000e+000  8.0000000e+000  3.2000000e+002  1.1100000e+002  1.4000000e+001
  2.0010000e+003  2.0320000e+003  1.0240000e+003  3.0000000e+000  3.7000000e+001  8.6000000e+001  5.0000000e+001  2.0000000e+000  1.6000000e+001  3.2000000e+002  1.1100000e+002  1.4000000e+001
  2.0060000e+003  2.3040000e+003  2.0480000e+003  4.0000000e+000  3.6000000e+001  1.0800000e+002  6.0000000e+001  1.0000000e+001  1.6000000e+001  1.8000000e+002  9.1000000e+001  1.2600000e+002
  1.9990000e+003  1.7920000e+003  1.4400000e+003  2.0000000e+000  3.8000000e+001  1.1500000e+002  3.0000000e+001  0.0000000e+000  2.0000000e+001  5.5000000e+002  1.1800000e+002  1.2900000e+002
  2.0000000e+003  2.1600000e+003  1.8000000e+003  3.0000000e+000  2.8000000e+001  8.4000000e+001  5.0000000e+001  2.0000000e+001  1.6000000e+001  3.2000000e+002  1.2000000e+002  1.2900000e+002
  2.0010000e+003  2.1600000e+003  1.8000000e+003  3.0000000e+000  3.5000000e+001  7.0000000e+001  5.0000000e+001  7.0000000e+000  8.0000000e+000  2.6000000e+002  1.1600000e+002  1.2900000e+002
  2.0020000e+003  2.1600000e+003  1.8000000e+003  3.0000000e+000  3.8000000e+001  1.1400000e+002  6.0000000e+001  7.0000000e+000  1.6000000e+001  2.6000000e+002  1.1100000e+002  1.2600000e+002
  2.0040000e+003  2.3040000e+003  2.0480000e+003  4.0000000e+000  3.3000000e+001  1.3200000e+002  5.0000000e+001  1.0000000e+001  3.2000000e+001  2.7000000e+002  1.0000000e+002  1.2900000e+002
  2.0000000e+003  2.0480000e+003  1.0240000e+003  3.0000000e+000  3.8000000e+001  7.6000000e+001  6.0000000e+001  1.0000000e+001  8.0000000e+000  2.4000000e+002  3.8000000e+001  1.6900000e+002
  2.0030000e+003  2.0480000e+003  1.0240000e+003  3.0000000e+000  3.8000000e+001  1.1500000e+002  6.0000000e+001  2.0000000e+001  1.6000000e+001  2.2000000e+002  1.1100000e+002  1.6900000e+002
  2.0030000e+003  2.0480000e+003  1.6000000e+003  3.0000000e+000  3.8000000e+001  1.1500000e+002  6.0000000e+001  2.0000000e+001  1.6000000e+001  2.2000000e+002  1.1200000e+002  1.6900000e+002
  2.0030000e+003  2.3040000e+003  1.6000000e+003  4.0000000e+000  3.5000000e+001  1.0500000e+002  6.0000000e+001  2.0000000e+001  1.6000000e+001  2.2000000e+002  1.1200000e+002  1.9900000e+002
  2.0040000e+003  2.2720000e+003  1.6000000e+003  4.0000000e+000  3.7000000e+001  3.7000000e+002  6.0000000e+001  1.0000000e+001  0.0000000e+000  3.4000000e+002  1.0700000e+002  1.6900000e+002
  2.0040000e+003  2.2720000e+003  1.6000000e+003  4.0000000e+000  3.7000000e+001  3.7000000e+002  6.0000000e+001  1.0000000e+001  0.0000000e+000  3.4000000e+002  1.0700000e+002  1.7900000e+002
  2.0010000e+003  2.0480000e+003  1.0240000e+003  3.0000000e+000  3.8000000e+001  7.6000000e+001  3.0000000e+001  6.0000000e+000  1.6000000e+001  1.6000000e+002  3.0000000e+001  1.6990000e+003
  2.0020000e+003  2.0480000e+003  1.6000000e+003  3.0000000e+000  3.5000000e+001  1.0500000e+002  5.5000000e+001  1.2000000e+001  1.6000000e+001  2.0500000e+002  9.2000000e+001  1.6990000e+003
  2.0030000e+003  2.0480000e+003  1.6000000e+003  3.0000000e+000  3.5000000e+001  1.0500000e+002  6.0000000e+001  1.7000000e+001  1.6000000e+001  2.0500000e+002  9.2000000e+001  1.6990000e+003
  2.0020000e+003  2.0480000e+003  1.0240000e+003  3.0000000e+000  3.5000000e+001  1.0500000e+002  5.5000000e+001  1.2000000e+001  1.6000000e+001  1.7500000e+002  3.2000000e+001  1.6990000e+003
  2.0020000e+003  2.2720000e+003  1.2800000e+003  3.0000000e+000  3.5000000e+001  1.0500000e+002  5.5000000e+001  1.2000000e+001  1.6000000e+001  1.7500000e+002  3.2000000e+001  1.6990000e+003
  2.0020000e+003  2.5600000e+003  1.6000000e+003  5.0000000e+000  3.5000000e+001  1.0500000e+002  5.5000000e+001  1.2000000e+001  1.6000000e+001  2.0500000e+002  9.2000000e+001  1.6990000e+003
  2.0030000e+003  2.5600000e+003  1.6000000e+003  5.0000000e+000  3.5000000e+001  1.0500000e+002  6.0000000e+001  1.7000000e+001  1.6000000e+001  2.0500000e+002  9.2000000e+001  1.6990000e+003
  2.0030000e+003  2.0480000e+003  1.6000000e+003  3.0000000e+000  3.5000000e+001  1.1500000e+002  6.0000000e+001  2.0000000e+001  1.6000000e+001  1.7500000e+002  1.0000000e+002  2.2900000e+002
  2.0040000e+003  2.2720000e+003  1.6000000e+003  3.0000000e+000  3.5000000e+001  1.1500000e+002  6.0000000e+001  2.0000000e+001  1.6000000e+001  1.5500000e+002  1.0000000e+002  2.2900000e+002
  2.0020000e+003  2.2400000e+003  1.6000000e+003  3.0000000e+000  3.3000000e+001  1.0000000e+002  3.0000000e+001  6.0000000e+000  3.2000000e+001  4.5500000e+002  1.2700000e+002  2.4900000e+002
  2.0000000e+003  2.4000000e+003  1.2800000e+003  2.0000000e+000  3.6000000e+001  1.0800000e+002  8.0000000e+001  2.0000000e+001  1.6000000e+001  2.8000000e+002  7.8000000e+001  1.4900000e+002
  2.0020000e+003  1.6000000e+003  1.2800000e+003  1.0000000e+000  3.7000000e+001  1.1100000e+002  3.0000000e+001  4.0000000e+000  8.0000000e+000  2.5000000e+002  1.1400000e+002  2.2900000e+002
  2.0030000e+003  2.0480000e+003  1.6000000e+003  3.0000000e+000  3.8000000e+001  1.1500000e+002  3.0000000e+001  4.0000000e+000  1.6000000e+001  2.1500000e+002  8.8000000e+001  9.9000000e+001
  2.0040000e+003  2.0480000e+003  1.6000000e+003  3.0000000e+000  3.8000000e+001  1.1500000e+002  3.0000000e+001  4.0000000e+000  1.4000000e+001  1.9000000e+002  8.8000000e+001  2.2900000e+002
  2.0020000e+003  2.0480000e+003  1.6000000e+003  3.0000000e+000  3.7000000e+001  1.1100000e+002  3.0000000e+001  4.0000000e+000  8.0000000e+000  2.5000000e+002  1.1400000e+002  2.2900000e+002
  2.0030000e+003  2.0480000e+003  1.6000000e+003  3.0000000e+000  3.5000000e+001  1.0500000e+002  3.0000000e+001  3.0000000e+000  1.6000000e+001  1.6200000e+002  9.5500000e+001  2.2900000e+002
  2.0040000e+003  2.2880000e+003  1.6000000e+003  3.0000000e+000  3.5000000e+001  1.0500000e+002  0.0000000e+000  0.0000000e+000  1.4000000e+001  1.9000000e+002  8.8000000e+001  9.9000000e+001
  2.0040000e+003  2.2720000e+003  2.0480000e+003  3.0000000e+000  3.8000000e+001  1.1400000e+002  3.0000000e+001  4.0000000e+000  1.2000000e+001  1.8000000e+002  8.8000000e+001  2.2900000e+002
  2.0020000e+003  2.2720000e+003  2.0480000e+003  3.0000000e+000  3.8000000e+001  1.1400000e+002  3.0000000e+001  4.0000000e+000  1.6000000e+001  2.8600000e+002  9.5000000e+001  2.2900000e+002
  2.0020000e+003  2.2720000e+003  1.2800000e+003  3.0000000e+000  3.8000000e+001  1.5500000e+002  3.0000000e+001  2.0000000e+000  1.6000000e+001  3.7400000e+002  1.3000000e+002  2.2900000e+002
  2.0050000e+003  2.2880000e+003  1.6000000e+003  3.0000000e+000  3.4000000e+001  1.0200000e+002  3.0000000e+001  4.0000000e+000  1.4000000e+001  1.8000000e+002  8.5000000e+001  2.2900000e+002
  2.0040000e+003  2.2880000e+003  1.6000000e+003  4.0000000e+000  3.6000000e+001  3.0000000e+002  4.0000000e+001  1.0000000e+000  1.3000000e+001  2.9500000e+002  1.0600000e+002  2.2900000e+002
  2.0010000e+003  2.5600000e+003  1.6000000e+003  4.0000000e+000  2.8000000e+001  8.5000000e+001  5.0000000e+001  2.0000000e+000  3.2000000e+001  4.1400000e+002  1.0200000e+002  2.2900000e+002
  2.0030000e+003  2.5920000e+003  1.6000000e+003  5.0000000e+000  2.8000000e+001  1.1600000e+002  5.0000000e+001  1.0000000e+000  1.6000000e+001  4.0000000e+002  1.0800000e+002  2.2900000e+002
  2.0020000e+003  2.5600000e+003  1.6000000e+003  4.0000000e+000  3.5000000e+001  2.8000000e+002  5.0000000e+001  3.0000000e+000  3.2000000e+001  5.1200000e+002  1.0800000e+002  2.2900000e+002
  2.0000000e+003  2.0480000e+003  1.0240000e+003  3.0000000e+000  3.8000000e+001  9.5000000e+001  4.0000000e+001  4.0000000e+000  8.0000000e+000  3.2000000e+002  9.9500000e+001  2.2900000e+002
  2.0010000e+003  2.0480000e+003  1.0240000e+003  3.0000000e+000  3.8000000e+001  1.1400000e+002  4.0000000e+001  4.0000000e+000  1.6000000e+001  2.8600000e+002  9.5000000e+001  1.5900000e+002
  2.0000000e+003  2.0480000e+003  1.0240000e+003  3.0000000e+000  3.8000000e+001  1.1500000e+002  3.0000000e+001  2.0000000e+000  1.6000000e+001  4.5000000e+002  1.4300000e+002  2.2900000e+002
  2.0010000e+003  2.0480000e+003  1.6000000e+003  3.0000000e+000  3.8000000e+001  1.5200000e+002  3.0000000e+001  2.0000000e+000  1.6000000e+001  4.2000000e+002  1.3800000e+002  1.5900000e+002
  2.0060000e+003  2.2720000e+003  1.6000000e+003  3.0000000e+000  3.8000000e+001  1.1400000e+002  3.0000000e+001  4.0000000e+000  1.0000000e+001  1.6500000e+002  8.7000000e+001  9.9000000e+001
  2.0030000e+003  2.0160000e+003  1.6000000e+003  3.0000000e+000  3.7000000e+001  1.1100000e+002  3.0000000e+001  4.0000000e+000  1.6000000e+001  2.1600000e+002  8.3000000e+001  1.9900000e+002
  2.0030000e+003  2.4640000e+003  1.8400000e+003  4.0000000e+000  0.0000000e+000  0.0000000e+000  0.0000000e+000  0.0000000e+000  0.0000000e+000  1.2000000e+003  1.5800000e+002  1.5990000e+003
  2.0000000e+003  1.6000000e+003  1.2800000e+003  1.0000000e+000  3.8000000e+001  3.8000000e+002  6.0000000e+001  1.0000000e+001  8.0000000e+000  5.4000000e+002  1.1300000e+002  1.2900000e+002
  1.9990000e+003  1.7120000e+003  1.2800000e+003  2.0000000e+000  3.6000000e+001  1.1000000e+002  8.0000000e+001  2.0000000e+000  3.2000000e+001  5.3000000e+002  1.0900000e+002  1.2900000e+002
  2.0000000e+003  2.0480000e+003  1.6000000e+003  3.0000000e+000  3.2000000e+001  9.6000000e+001  8.0000000e+001  2.0000000e+001  8.0000000e+000  3.8000000e+002  1.0900000e+002  1.6990000e+003
  2.0020000e+003  1.9840000e+003  1.6000000e+003  3.0000000e+000  3.6000000e+001  1.0000000e+002  8.0000000e+001  2.0000000e+001  1.6000000e+001  3.0000000e+002  1.1800000e+002  1.6990000e+003
  2.0010000e+003  2.0480000e+003  1.6000000e+003  3.0000000e+000  3.2000000e+001  9.6000000e+001  8.0000000e+001  2.0000000e+001  8.0000000e+000  3.8000000e+002  1.0900000e+002  1.6990000e+003
  2.0000000e+003  2.0480000e+003  1.6000000e+003  3.0000000e+000  3.2000000e+001  9.6000000e+001  8.0000000e+001  2.0000000e+001  1.6000000e+001  3.8000000e+002  1.0900000e+002  1.6990000e+003
  2.0000000e+003  2.0480000e+003  1.6000000e+003  3.0000000e+000  3.5000000e+001  1.0500000e+002  8.0000000e+001  2.0000000e+001  1.6000000e+001  4.2000000e+002  1.0900000e+002  1.6990000e+003
  2.0020000e+003  2.2880000e+003  2.0480000e+003  3.0000000e+000  3.2000000e+001  9.6000000e+001  8.0000000e+001  2.0000000e+000  1.6000000e+001  4.0000000e+002  1.1000000e+002  1.2900000e+002
  2.0010000e+003  2.2720000e+003  2.0480000e+003  3.0000000e+000  3.5000000e+001  1.0500000e+002  8.0000000e+001  2.0000000e+001  1.6000000e+001  4.2000000e+002  1.1000000e+002  1.2900000e+002
  2.0010000e+003  2.2720000e+003  2.0480000e+003  3.0000000e+000  3.5000000e+001  9.8000000e+001  8.0000000e+001  1.0000000e+001  1.6000000e+001  2.7000000e+002  8.7000000e+001  1.6990000e+003
  2.0010000e+003  1.6000000e+003  1.2800000e+003  1.0000000e+000  3.8000000e+001  3.8000000e+002  6.0000000e+001  1.0000000e+001  8.0000000e+000  3.4000000e+002  1.0800000e+002  4.4900000e+002
  2.0020000e+003  1.9840000e+003  1.6000000e+003  3.0000000e+000  4.0000000e+001  3.2000000e+002  6.0000000e+001  1.0000000e+001  1.6000000e+001  3.4000000e+002  1.0800000e+002  4.4900000e+002
  2.0020000e+003  2.0480000e+003  1.6000000e+003  3.0000000e+000  3.8000000e+001  3.8000000e+002  6.0000000e+001  1.0000000e+001  1.6000000e+001  4.0000000e+002  1.0800000e+002  4.4900000e+002
  2.0030000e+003  2.0480000e+003  1.6000000e+003  3.0000000e+000  3.8000000e+001  3.8000000e+002  6.0000000e+001  3.0000000e+000  1.6000000e+001  3.4000000e+002  1.0800000e+002  4.4900000e+002
  2.0030000e+003  2.2880000e+003  2.0480000e+003  3.0000000e+000  3.8000000e+001  3.8000000e+002  6.0000000e+001  3.0000000e+000  1.6000000e+001  3.4000000e+002  1.0800000e+002  4.4900000e+002
  2.0040000e+003  2.2880000e+003  2.0480000e+003  3.0000000e+000  3.8000000e+001  3.8000000e+002  6.0000000e+001  7.0000000e+000  1.6000000e+001  3.1000000e+002  1.0500000e+002  4.4900000e+002
  2.0040000e+003  2.2880000e+003  2.0480000e+003  3.0000000e+000  3.8000000e+001  3.8000000e+002  6.0000000e+001  7.0000000e+000  3.2000000e+001  3.1000000e+002  1.0500000e+002  4.4900000e+002
  2.0040000e+003  2.0480000e+003  1.0240000e+003  3.0000000e+000  3.3000000e+001  3.3000000e+001  5.0000000e+001  2.0000000e+001  1.6000000e+001  2.1000000e+002  1.1000000e+002  1.6990000e+003
  2.0050000e+003  2.2880000e+003  1.6000000e+003  3.0000000e+000  3.7000000e+001  3.7000000e+001  5.0000000e+001  2.0000000e+001  1.4000000e+001  1.7000000e+002  1.0100000e+002  1.6990000e+003
  2.0050000e+003  2.5920000e+003  1.6000000e+003  5.0000000e+000  3.6000000e+001  3.5000000e+001  5.0000000e+001  2.0000000e+001  0.0000000e+000  1.4000000e+002  1.0100000e+002  1.6990000e+003
  2.0040000e+003  2.0480000e+003  1.6000000e+003  3.0000000e+000  3.8000000e+001  1.1400000e+002  5.0000000e+001  2.0000000e+000  1.2000000e+001  1.9000000e+002  8.8000000e+001  4.4900000e+002
  2.0040000e+003  2.0480000e+003  1.6000000e+003  3.0000000e+000  3.8000000e+001  1.1400000e+002  5.0000000e+001  2.0000000e+000  1.6000000e+001  2.0000000e+002  1.0000000e+002  4.4900000e+002
  2.0050000e+003  2.2880000e+003  1.6000000e+003  3.0000000e+000  3.8000000e+001  1.1400000e+002  5.0000000e+001  2.0000000e+000  1.4000000e+001  1.9000000e+002  1.0600000e+002  4.4900000e+002
  2.0030000e+003  2.0480000e+003  1.0240000e+003  3.0000000e+000  3.5000000e+001  1.0500000e+002  5.0000000e+001  2.0000000e+001  1.6000000e+001  2.2000000e+002  1.0800000e+002  4.4900000e+002
  2.0040000e+003  2.2880000e+003  1.6000000e+003  3.0000000e+000  3.5000000e+001  1.0500000e+002  5.0000000e+001  7.0000000e+000  1.6000000e+001  2.1000000e+002  1.0800000e+002  1.7900000e+002
  2.0050000e+003  2.5600000e+003  1.6000000e+003  4.0000000e+000  3.8000000e+001  1.1400000e+002  5.0000000e+001  2.0000000e+000  1.4000000e+001  1.9000000e+002  1.0500000e+002  4.4900000e+002
  2.0050000e+003  2.5600000e+003  1.6000000e+003  4.0000000e+000  3.5000000e+001  1.0500000e+002  6.0000000e+001  1.0000000e+001  1.4000000e+001  1.7500000e+002  9.4000000e+001  1.2900000e+002
  2.0030000e+003  2.5600000e+003  1.6000000e+003  4.0000000e+000  0.0000000e+000  0.0000000e+000  0.0000000e+000  0.0000000e+000  0.0000000e+000  7.3500000e+002  1.4100000e+002  1.6990000e+003
  2.0000000e+003  2.2400000e+003  1.6000000e+003  3.0000000e+000  3.5000000e+001  1.4000000e+002  6.0000000e+001  2.0000000e+001  0.0000000e+000  1.1900000e+003  1.2900000e+002  1.6990000e+003
  2.0010000e+003  2.5600000e+003  1.7920000e+003  4.0000000e+000  3.5000000e+001  1.4000000e+002  6.0000000e+001  2.0000000e+001  1.6000000e+001  1.1900000e+003  1.2900000e+002  1.6990000e+003
  2.0050000e+003  2.2720000e+003  1.6000000e+003  4.0000000e+000  3.5000000e+001  1.0600000e+002  5.0000000e+001  5.0000000e+000  2.8000000e+001  1.6000000e+002  8.8000000e+001  1.2900000e+002
  2.0050000e+003  2.5600000e+003  1.6000000e+003  5.0000000e+000  3.5000000e+001  1.0600000e+002  5.0000000e+001  5.0000000e+000  2.8000000e+001  1.6000000e+002  8.8000000e+001  1.2900000e+002
  2.0060000e+003  2.5600000e+003  1.6000000e+003  5.0000000e+000  3.8000000e+001  1.0600000e+002  5.0000000e+001  2.0000000e+000  2.8000000e+001  1.6000000e+002  8.8000000e+001  1.2900000e+002
  2.0050000e+003  2.8160000e+003  1.6000000e+003  6.0000000e+000  3.8000000e+001  1.1400000e+002  5.0000000e+001  5.0000000e+000  1.4000000e+001  1.6000000e+002  1.0600000e+002  1.2900000e+002
  2.0030000e+003  2.0480000e+003  1.6000000e+003  3.0000000e+000  3.5000000e+001  1.0500000e+002  5.0000000e+001  2.0000000e+001  1.6000000e+001  2.2000000e+002  9.9000000e+001  2.2900000e+002
  2.0030000e+003  2.2720000e+003  2.0480000e+003  3.0000000e+000  3.5000000e+001  1.0500000e+002  5.0000000e+001  2.0000000e+001  1.6000000e+001  2.2000000e+002  9.9000000e+001  2.2900000e+002
  2.0040000e+003  2.2720000e+003  2.0480000e+003  3.0000000e+000  3.5000000e+001  1.0500000e+002  5.0000000e+001  2.0000000e+001  1.6000000e+001  2.0000000e+002  9.9000000e+001  2.2900000e+002
  2.0040000e+003  2.2720000e+003  2.0480000e+003  3.0000000e+000  3.5000000e+001  7.0000000e+001  5.0000000e+001  8.0000000e+000  1.6000000e+001  1.6500000e+002  9.5000000e+001  2.2900000e+002
  2.0030000e+003  2.0480000e+003  1.6000000e+003  3.0000000e+000  3.5000000e+001  1.0500000e+002  5.0000000e+001  1.0000000e+001  1.6000000e+001  1.8500000e+002  0.0000000e+000  1.4990000e+003
  2.0040000e+003  2.3040000e+003  1.6000000e+003  4.0000000e+000  3.5000000e+001  1.0500000e+002  5.0000000e+001  5.0000000e+000  1.6000000e+001  1.4800000e+002  9.4000000e+001  1.4990000e+003
  2.0030000e+003  2.3040000e+003  1.6000000e+003  4.0000000e+000  3.5000000e+001  1.0500000e+002  5.0000000e+001  1.0000000e+001  1.6000000e+001  1.8500000e+002  0.0000000e+000  1.4990000e+003
  2.0040000e+003  2.5600000e+003  2.0480000e+003  4.0000000e+000  3.5000000e+001  1.0500000e+002  5.0000000e+001  5.0000000e+000  1.6000000e+001  1.5300000e+002  9.4000000e+001  1.4990000e+003
  2.0020000e+003  1.6000000e+003  1.2800000e+003  2.0000000e+000  3.5000000e+001  4.2000000e+002  3.0000000e+001  3.0000000e+000  8.0000000e+000  3.5400000e+002  1.2500000e+002  1.4900000e+002
  2.0030000e+003  2.3040000e+003  1.6000000e+003  4.0000000e+000  3.5000000e+001  4.2000000e+002  3.0000000e+001  5.0000000e+000  1.6000000e+001  5.5000000e+002  8.7000000e+001  1.4900000e+002
  2.0030000e+003  1.6000000e+003  1.2800000e+003  2.0000000e+000  3.5000000e+001  4.2000000e+002  3.0000000e+001  5.0000000e+000  0.0000000e+000  3.5000000e+002  1.1400000e+002  1.4900000e+002
  2.0040000e+003  2.0160000e+003  1.6000000e+003  3.0000000e+000  3.5000000e+001  4.2000000e+002  3.0000000e+001  5.0000000e+000  1.6000000e+001  3.2600000e+002  1.0800000e+002  2.9900000e+002
  2.0050000e+003  2.3040000e+003  1.6000000e+003  4.0000000e+000  3.5000000e+001  4.2000000e+002  5.0000000e+001  5.0000000e+000  8.0000000e+000  3.2600000e+002  1.0200000e+002  1.4900000e+002
  2.0040000e+003  2.5600000e+003  2.0480000e+003  4.0000000e+000  2.8000000e+001  9.0000000e+001  3.0000000e+001  3.0000000e+001  1.6000000e+001  7.0500000e+002  1.3500000e+002  1.4990000e+003
  2.0030000e+003  2.0480000e+003  1.6000000e+003  3.0000000e+000  3.5000000e+001  1.0500000e+002  5.0000000e+001  1.0000000e+001  3.2000000e+001  2.1500000e+002  9.6000000e+001  1.4990000e+003
  2.0020000e+003  2.2400000e+003  1.6000000e+003  3.0000000e+000  3.3000000e+001  1.0000000e+002  3.0000000e+001  6.0000000e+000  1.6000000e+001  4.2000000e+002  1.0400000e+002  1.4990000e+003
  2.0030000e+003  2.3040000e+003  1.6000000e+003  4.0000000e+000  3.5000000e+001  1.0500000e+002  5.0000000e+001  1.0000000e+001  3.2000000e+001  2.1500000e+002  9.6000000e+001  1.4990000e+003
  2.0010000e+003  2.2400000e+003  1.6000000e+003  3.0000000e+000  3.3000000e+001  1.0000000e+002  3.0000000e+001  6.0000000e+000  3.2000000e+001  4.3500000e+002  1.2800000e+002  1.4990000e+003
  2.0040000e+003  2.0480000e+003  1.6000000e+003  3.0000000e+000  3.5000000e+001  1.0500000e+002  5.0000000e+001  1.0000000e+001  1.6000000e+001  2.1000000e+002  6.5000000e+001  1.4990000e+003
  2.0040000e+003  2.3040000e+003  1.6000000e+003  4.0000000e+000  3.5000000e+001  1.0500000e+002  5.0000000e+001  1.0000000e+001  1.6000000e+001  2.1000000e+002  6.5000000e+001  1.4990000e+003
  2.0040000e+003  2.5600000e+003  2.0480000e+003  4.0000000e+000  3.5000000e+001  1.0500000e+002  5.0000000e+001  1.0000000e+001  1.6000000e+001  2.0700000e+002  8.8000000e+001  1.4990000e+003
  2.0050000e+003  2.3040000e+003  1.6000000e+003  4.0000000e+000  3.5000000e+001  1.0500000e+002  5.0000000e+001  5.0000000e+000  1.4000000e+001  1.8800000e+002  9.4000000e+001  1.4990000e+003
  2.0060000e+003  2.5600000e+003  2.0480000e+003  5.0000000e+000  3.5000000e+001  1.0500000e+002  5.0000000e+001  5.0000000e+000  1.4000000e+001  1.8800000e+002  1.1100000e+002  1.4990000e+003
  2.0050000e+003  2.3040000e+003  1.6000000e+003  4.0000000e+000  3.7000000e+001  2.2200000e+002  5.0000000e+001  5.0000000e+000  1.4000000e+001  2.2400000e+002  1.0100000e+002  1.4900000e+002
  2.0040000e+003  2.0480000e+003  1.6000000e+003  3.0000000e+000  3.8000000e+001  1.1400000e+002  5.0000000e+001  2.0000000e+000  1.6000000e+001  1.8000000e+002  9.4000000e+001  1.4900000e+002
  2.0010000e+003  2.0480000e+003  1.0240000e+003  3.0000000e+000  3.7000000e+001  1.1100000e+002  4.0000000e+001  1.4000000e+001  1.6000000e+001  2.4000000e+002  9.2000000e+001  2.6900000e+002
  2.0020000e+003  2.0480000e+003  1.6000000e+003  3.0000000e+000  3.8000000e+001  1.1400000e+002  4.0000000e+000  5.0000000e+000  1.6000000e+001  2.3000000e+002  1.0400000e+002  2.6900000e+002
  2.0020000e+003  2.0480000e+003  1.0240000e+003  3.0000000e+000  3.7000000e+001  1.1100000e+002  4.0000000e+001  1.4000000e+001  1.6000000e+001  2.4000000e+002  9.2000000e+001  2.6900000e+002
  2.0030000e+003  2.0480000e+003  1.6000000e+003  3.0000000e+000  3.8000000e+001  1.1400000e+002  4.0000000e+001  1.0000000e+001  1.6000000e+001  2.2500000e+002  1.0500000e+002  2.6900000e+002
  2.0030000e+003  2.0480000e+003  1.6000000e+003  3.0000000e+000  3.8000000e+001  1.1400000e+002  4.0000000e+001  1.0000000e+001  1.2000000e+001  2.2500000e+002  1.0900000e+002  2.6900000e+002
  2.0030000e+003  2.0480000e+003  1.6000000e+003  3.0000000e+000  3.7000000e+001  1.0400000e+002  3.0000000e+001  1.0000000e+000  1.6000000e+001  2.0800000e+002  8.2000000e+001  2.6900000e+002
  2.0010000e+003  2.2400000e+003  1.1200000e+003  3.0000000e+000  3.7000000e+001  1.1100000e+002  4.0000000e+001  1.4000000e+001  1.6000000e+001  2.4000000e+002  9.2000000e+001  2.6900000e+002
  2.0020000e+003  2.2400000e+003  1.1200000e+003  3.0000000e+000  3.7000000e+001  1.1100000e+002  4.0000000e+001  1.4000000e+001  1.6000000e+001  2.4000000e+002  9.2000000e+001  2.6900000e+002
  2.0040000e+003  2.2880000e+003  1.6000000e+003  3.0000000e+000  3.7000000e+001  1.0400000e+002  3.0000000e+001  1.0000000e+000  1.6000000e+001  2.0000000e+002  8.2000000e+001  2.6900000e+002
  2.0030000e+003  2.2880000e+003  1.6000000e+003  3.0000000e+000  3.7000000e+001  1.8700000e+002  6.0000000e+001  2.0000000e+000  1.6000000e+001  2.5000000e+002  1.0000000e+002  1.4900000e+002
  2.0040000e+003  2.3040000e+003  1.6000000e+003  4.0000000e+000  3.7000000e+001  3.7000000e+002  4.0000000e+001  1.0000000e+001  1.6000000e+001  3.7500000e+002  7.3000000e+001  1.4900000e+002
  2.0030000e+003  2.0480000e+003  1.0240000e+003  3.0000000e+000  3.5000000e+001  1.0500000e+002  4.0000000e+001  6.0000000e+000  1.6000000e+001  1.1500000e+002  8.3000000e+001  1.4900000e+002
  2.0040000e+003  2.0480000e+003  1.6000000e+003  3.0000000e+000  3.8000000e+001  1.1400000e+002  4.0000000e+001  6.0000000e+000  1.1000000e+001  1.7500000e+002  8.9000000e+001  2.6900000e+002
  2.0030000e+003  2.3040000e+003  1.6000000e+003  4.0000000e+000  3.5000000e+001  1.0500000e+002  4.0000000e+001  6.0000000e+000  1.1000000e+001  1.1500000e+002  8.3000000e+001  1.4900000e+002
  2.0040000e+003  2.3040000e+003  1.6000000e+003  4.0000000e+000  3.5000000e+001  1.0500000e+002  4.0000000e+001  6.0000000e+000  1.1000000e+001  1.7500000e+002  8.9000000e+001  1.4900000e+002
  2.0050000e+003  2.3040000e+003  1.6000000e+003  4.0000000e+000  3.5000000e+001  1.0700000e+002  4.0000000e+001  6.0000000e+000  1.1000000e+001  1.5500000e+002  8.9000000e+001  1.4900000e+002
  2.0040000e+003  2.3040000e+003  1.6000000e+003  4.0000000e+000  3.5000000e+001  1.0500000e+002  4.0000000e+001  6.0000000e+000  1.0000000e+001  1.2000000e+002  8.4000000e+001  1.4900000e+002
  2.0030000e+003  2.0480000e+003  1.2800000e+003  3.0000000e+000  3.5000000e+001  1.0500000e+002  3.0000000e+001  1.0000000e+000  8.0000000e+000  2.3000000e+002  1.2400000e+002  9.9000000e+001
  2.0000000e+003  1.7920000e+003  1.2800000e+003  2.0000000e+000  3.8000000e+001  1.1400000e+002  4.0000000e+000  4.0000000e+000  8.0000000e+000  5.0000000e+002  1.4400000e+002  3.9900000e+002
  2.0000000e+003  2.0480000e+003  1.0240000e+003  3.0000000e+000  3.5000000e+001  1.0500000e+002  2.4000000e+001  1.0000000e+000  8.0000000e+000  3.2000000e+002  1.3500000e+002  1.6990000e+003
  2.0000000e+003  2.0480000e+003  1.0240000e+003  3.0000000e+000  3.5000000e+001  1.0500000e+002  2.4000000e+001  1.0000000e+000  8.0000000e+000  4.5000000e+002  1.5700000e+002  1.4900000e+002
  2.0010000e+003  2.2720000e+003  1.1200000e+003  3.0000000e+000  3.5000000e+001  1.0500000e+002  2.4000000e+001  1.0000000e+000  8.0000000e+000  3.4000000e+002  1.3500000e+002  9.9000000e+001
  2.0040000e+003  2.0480000e+003  1.2800000e+003  3.0000000e+000  2.8000000e+001  1.0000000e+002  3.0000000e+001  1.0000000e+000  8.0000000e+000  2.1500000e+002  1.1200000e+002  9.9000000e+001
  2.0040000e+003  2.0480000e+003  1.6000000e+003  3.0000000e+000  3.5000000e+001  3.3000000e+001  1.0000000e+001  1.9000000e+001  1.6000000e+001  1.3700000e+002  9.8000000e+001  2.9900000e+002
  2.0020000e+003  2.0480000e+003  1.0240000e+003  3.0000000e+000  3.4000000e+001  1.0200000e+002  8.0000000e+001  2.0000000e+001  0.0000000e+000  3.2000000e+002  1.1400000e+002  2.2900000e+002
  2.0040000e+003  2.0480000e+003  1.6200000e+003  3.0000000e+000  3.5000000e+001  1.1400000e+002  8.0000000e+001  5.0000000e+000  0.0000000e+000  1.5700000e+002  1.0800000e+002  2.2900000e+002
  2.0040000e+003  2.0480000e+003  1.6000000e+003  4.0000000e+000  3.5000000e+001  3.3000000e+001  1.0000000e+001  1.9000000e+001  1.6000000e+001  1.3700000e+002  9.8000000e+001  2.9900000e+002
  2.0020000e+003  2.2720000e+003  1.6000000e+003  3.0000000e+000  3.4000000e+001  1.0200000e+002  8.0000000e+001  2.0000000e+001  0.0000000e+000  3.4000000e+002  1.1600000e+002  2.2900000e+002
  2.0040000e+003  2.2720000e+003  2.0480000e+003  3.0000000e+000  3.5000000e+001  1.1400000e+002  8.0000000e+001  5.0000000e+000  3.2000000e+001  2.1000000e+002  1.0700000e+002  2.2900000e+002
  2.0030000e+003  2.2720000e+003  1.1200000e+003  3.0000000e+000  3.8000000e+001  1.1400000e+002  8.0000000e+001  6.0000000e+000  0.0000000e+000  2.1000000e+002  1.0600000e+002  2.2900000e+002
  2.0030000e+003  2.0480000e+003  2.0480000e+003  3.0000000e+000  3.5000000e+001  1.1400000e+002  8.0000000e+001  5.0000000e+000  0.0000000e+000  1.3400000e+002  1.0200000e+002  2.2900000e+002
  2.0040000e+003  2.2720000e+003  2.0480000e+003  4.0000000e+000  3.5000000e+001  1.0500000e+002  8.0000000e+001  5.0000000e+000  0.0000000e+000  1.6900000e+002  1.0200000e+002  2.2900000e+002
  2.0040000e+003  2.2720000e+003  1.1360000e+003  3.0000000e+000  3.5000000e+001  3.5000000e+001  6.0000000e+001  6.0000000e+000  0.0000000e+000  1.6500000e+002  9.7000000e+001  2.2900000e+002
  2.0040000e+003  2.2720000e+003  2.0480000e+003  3.0000000e+000  3.5000000e+001  1.1300000e+002  8.0000000e+001  5.0000000e+000  0.0000000e+000  2.3000000e+002  1.0600000e+002  2.2900000e+002
  2.0010000e+003  2.2880000e+003  1.6000000e+003  3.0000000e+000  3.5000000e+001  9.8000000e+001  5.0000000e+001  1.0000000e+001  1.6000000e+001  3.4000000e+002  1.0600000e+002  4.2900000e+002
  2.0030000e+003  2.0480000e+003  1.6000000e+003  3.0000000e+000  3.7000000e+001  1.0400000e+002  2.0000000e+001  2.0000000e+000  8.0000000e+000  2.0500000e+002  9.8000000e+001  4.2900000e+002
  2.0030000e+003  2.0480000e+003  1.6000000e+003  3.0000000e+000  3.6000000e+001  1.0800000e+002  5.0000000e+001  1.6000000e+001  8.0000000e+000  1.9000000e+002  1.0000000e+002  1.4900000e+002
  2.0040000e+003  2.0480000e+003  1.6000000e+003  3.0000000e+000  3.7000000e+001  1.1200000e+002  5.0000000e+001  2.0000000e+000  1.6000000e+001  1.8500000e+002  9.1000000e+001  1.3990000e+003
  2.0040000e+003  2.2880000e+003  1.6000000e+003  3.0000000e+000  3.7000000e+001  1.0500000e+002  5.0000000e+001  2.0000000e+000  1.6000000e+001  1.8500000e+002  9.1000000e+001  1.3990000e+003
  2.0060000e+003  2.6400000e+003  1.7760000e+003  4.0000000e+000  2.8000000e+001  2.8000000e+001  0.0000000e+000  0.0000000e+000  0.0000000e+000  2.7000000e+002  1.0900000e+002  1.5990000e+003
  2.0030000e+003  2.2680000e+003  1.1340000e+003  3.0000000e+000  0.0000000e+000  0.0000000e+000  0.0000000e+000  0.0000000e+000  0.0000000e+000  9.5000000e+002  1.5200000e+002  1.5990000e+003
  2.0060000e+003  2.6400000e+003  1.7760000e+003  4.0000000e+000  0.0000000e+000  0.0000000e+000  0.0000000e+000  0.0000000e+000  0.0000000e+000  7.5000000e+002  1.4400000e+002  1.9000000e+001
  2.0020000e+003  2.2680000e+003  1.1340000e+003  3.0000000e+000  0.0000000e+000  0.0000000e+000  0.0000000e+000  0.0000000e+000  0.0000000e+000  9.5000000e+002  1.5200000e+002  1.9000000e+001
  2.0000000e+003  1.6000000e+003  1.6000000e+003  1.0000000e+000  3.7000000e+001  3.7000000e+002  8.0000000e+001  3.0000000e+000  8.0000000e+000  9.8000000e+002  1.2500000e+002  1.3990000e+003
  2.0020000e+003  1.6000000e+003  1.2800000e+003  1.0000000e+000  4.1000000e+001  1.2300000e+002  5.0000000e+001  3.0000000e+000  6.0000000e+000  6.1000000e+002  1.3800000e+002  1.3990000e+003
  2.0010000e+003  2.0480000e+003  1.6000000e+003  3.0000000e+000  3.4000000e+001  1.0200000e+002  5.0000000e+001  4.0000000e+000  8.0000000e+000  6.2000000e+002  1.4400000e+002  1.3990000e+003
  2.0030000e+003  2.0480000e+003  1.6320000e+003  3.0000000e+000  4.1000000e+001  1.2300000e+002  5.0000000e+001  1.0000000e+001  1.0000000e+000  5.2200000e+002  1.3200000e+002  1.3990000e+003
  2.0020000e+003  2.2720000e+003  1.6000000e+003  3.0000000e+000  3.4000000e+001  1.0200000e+002  5.0000000e+001  4.0000000e+000  6.0000000e+000  6.4000000e+002  1.3800000e+002  1.3990000e+003
  2.0030000e+003  2.5920000e+003  2.0480000e+003  5.0000000e+000  3.4000000e+001  1.0200000e+002  5.0000000e+001  4.0000000e+000  1.0000000e+000  6.0600000e+002  1.3900000e+002  1.3990000e+003
  2.0000000e+003  1.8560000e+003  1.6000000e+003  2.0000000e+000  3.8000000e+001  1.9000000e+002  5.0000000e+001  2.0000000e+000  8.0000000e+000  4.8200000e+002  1.0700000e+002  1.4900000e+002
  2.0000000e+003  1.8560000e+003  1.6000000e+003  2.0000000e+000  3.7000000e+001  3.7000000e+001  2.5000000e+001  1.0000000e+001  8.0000000e+000  2.8000000e+002  1.0300000e+002  4.2900000e+002
  2.0040000e+003  2.3040000e+003  1.2800000e+003  4.0000000e+000  3.2000000e+001  9.6000000e+001  1.2000000e+001  1.2000000e+001  1.6000000e+001  1.5200000e+002  9.5000000e+001  4.2900000e+002
  2.0000000e+003  2.0480000e+003  1.6000000e+003  3.0000000e+000  3.9000000e+001  1.1700000e+002  5.0000000e+001  1.0000000e+001  8.0000000e+000  2.5000000e+002  1.1400000e+002  4.2900000e+002
  2.0020000e+003  1.6000000e+003  1.2800000e+003  1.0000000e+000  3.9000000e+001  1.1700000e+002  5.0000000e+001  1.0000000e+001  1.6000000e+001  2.1400000e+002  1.1400000e+002  3.9900000e+002
  2.0010000e+003  1.9200000e+003  1.6000000e+003  2.0000000e+000  3.6000000e+001  3.6000000e+001  2.5000000e+001  1.0000000e+001  8.0000000e+000  1.9400000e+002  1.1300000e+002  4.2900000e+002
  2.0020000e+003  1.6000000e+003  1.2800000e+003  1.0000000e+000  3.3000000e+001  3.3000000e+001  1.0000000e+001  1.0000000e+001  8.0000000e+000  2.3100000e+002  1.0600000e+002  4.2900000e+002
  2.0030000e+003  2.0480000e+003  1.6320000e+003  3.0000000e+000  3.3000000e+001  3.3000000e+001  1.0000000e+001  1.0000000e+001  1.6000000e+001  2.1700000e+002  1.0100000e+002  4.2900000e+002
  2.0040000e+003  2.2720000e+003  1.6000000e+003  3.0000000e+000  3.3000000e+001  3.3000000e+001  1.0000000e+001  1.0000000e+001  1.6000000e+001  1.8000000e+002  1.0600000e+002  4.2900000e+002
  2.0010000e+003  2.0480000e+003  1.6000000e+003  3.0000000e+000  3.9000000e+001  1.1700000e+002  5.0000000e+001  1.0000000e+001  8.0000000e+000  2.1400000e+002  1.1300000e+002  4.2900000e+002
  2.0020000e+003  1.6000000e+003  1.2800000e+003  1.0000000e+000  4.1000000e+001  8.2000000e+001  8.0000000e+000  8.0000000e+000  1.6000000e+001  2.7500000e+002  1.2700000e+002  4.2900000e+002
  2.0030000e+003  2.0480000e+003  1.6320000e+003  3.0000000e+000  4.1000000e+001  8.2000000e+001  8.0000000e+000  8.0000000e+000  1.6000000e+001  2.8000000e+002  1.2300000e+002  4.2900000e+002
  2.0020000e+003  2.0480000e+003  1.6000000e+003  3.0000000e+000  3.9000000e+001  1.1700000e+002  5.0000000e+001  1.0000000e+001  1.6000000e+001  2.1400000e+002  1.1400000e+002  1.4900000e+002
  2.0020000e+003  2.0480000e+003  1.6000000e+003  3.0000000e+000  3.9000000e+001  1.1700000e+002  5.0000000e+001  1.0000000e+001  1.6000000e+001  2.8400000e+002  1.2500000e+002  1.4900000e+002
  2.0030000e+003  2.0480000e+003  1.6320000e+003  3.0000000e+000  3.9000000e+001  1.1700000e+002  5.0000000e+001  1.0000000e+001  1.6000000e+001  2.5900000e+002  1.2000000e+002  1.4900000e+002
  2.0040000e+003  2.2720000e+003  1.6000000e+003  3.0000000e+000  3.9000000e+001  1.1700000e+002  5.0000000e+001  1.0000000e+001  1.6000000e+001  2.4300000e+002  1.1600000e+002  1.4900000e+002
  2.0030000e+003  2.0480000e+003  1.6320000e+003  3.0000000e+000  3.9000000e+001  1.1700000e+002  5.0000000e+001  1.0000000e+001  1.6000000e+001  2.0600000e+002  1.0500000e+002  4.2900000e+002
  2.0020000e+003  2.2720000e+003  1.6000000e+003  3.0000000e+000  3.9000000e+001  1.1700000e+002  5.0000000e+001  1.0000000e+001  1.6000000e+001  2.0600000e+002  1.1300000e+002  4.2900000e+002
  2.0050000e+003  2.3040000e+003  2.0480000e+003  4.0000000e+000  3.2000000e+001  9.6000000e+001  0.0000000e+000  0.0000000e+000  3.2000000e+001  1.8400000e+002  9.9000000e+001  1.4900000e+002
  2.0000000e+003  1.6000000e+003  1.2800000e+003  1.0000000e+000  3.9000000e+001  1.1700000e+002  2.5000000e+001  3.0000000e+000  4.0000000e+000  3.7000000e+002  1.1300000e+002  1.4900000e+002
  2.0050000e+003  2.3040000e+003  2.0480000e+003  4.0000000e+000  3.9000000e+001  1.1700000e+002  5.0000000e+001  1.0000000e+001  3.2000000e+001  2.4900000e+002  9.7000000e+001  1.4900000e+002
  2.0000000e+003  2.0480000e+003  1.6000000e+003  3.0000000e+000  3.4000000e+001  1.0200000e+002  2.5000000e+001  4.0000000e+000  8.0000000e+000  4.2000000e+002  1.1700000e+002  1.4900000e+002
  2.0010000e+003  2.0480000e+003  1.6000000e+003  3.0000000e+000  3.4000000e+001  1.0200000e+002  5.0000000e+001  4.0000000e+000  8.0000000e+000  4.4400000e+002  1.2500000e+002  1.4900000e+002
  2.0010000e+003  2.2720000e+003  1.6000000e+003  3.0000000e+000  3.4000000e+001  1.0200000e+002  5.0000000e+001  4.0000000e+000  1.6000000e+001  4.4400000e+002  1.2500000e+002  1.4900000e+002
  2.0050000e+003  2.3040000e+003  2.0480000e+003  4.0000000e+000  3.9000000e+001  1.1700000e+002  5.0000000e+001  1.0000000e+001  3.2000000e+001  2.5300000e+002  9.7000000e+001  1.4900000e+002
  2.0010000e+003  1.4720000e+003  1.2800000e+003  1.0000000e+000  4.1000000e+001  3.2800000e+002  2.5000000e+001  3.0000000e+000  1.0000000e+000  6.6000000e+002  1.2600000e+002  1.3990000e+003
  2.0000000e+003  1.6000000e+003  1.6000000e+003  1.0000000e+000  3.7000000e+001  3.7000000e+002  8.0000000e+001  3.0000000e+000  1.0000000e+000  9.0000000e+002  0.0000000e+000  1.3990000e+003
  2.0020000e+003  2.0480000e+003  1.0240000e+003  3.0000000e+000  3.5000000e+001  1.0500000e+002  5.5000000e+001  1.2000000e+001  8.0000000e+000  2.0500000e+002  9.1000000e+001  1.7700000e+002
  2.0020000e+003  2.0480000e+003  1.0240000e+003  3.0000000e+000  3.5000000e+001  1.0000000e+002  8.0000000e+001  1.0000000e+001  8.0000000e+000  3.2000000e+002  1.1600000e+002  1.7700000e+002
  2.0030000e+003  2.4000000e+003  1.2000000e+003  3.0000000e+000  3.5000000e+001  1.0000000e+002  8.0000000e+001  1.0000000e+001  1.6000000e+001  0.0000000e+000  0.0000000e+000  5.9900000e+002
  2.0010000e+003  2.0480000e+003  1.0240000e+003  3.0000000e+000  3.8000000e+001  1.1400000e+002  1.0000000e+001  1.0000000e+001  8.0000000e+000  3.2000000e+002  1.2000000e+002  6.2000000e+001
  2.0000000e+003  2.0480000e+003  1.0240000e+003  3.0000000e+000  3.5000000e+001  1.0500000e+002  8.0000000e+001  9.0000000e+000  1.6000000e+001  3.9000000e+002  1.1600000e+002  6.2000000e+001
  2.0010000e+003  2.0480000e+003  1.0240000e+003  3.0000000e+000  3.5000000e+001  9.8000000e+001  8.0000000e+001  1.0000000e+001  8.0000000e+000  3.4000000e+002  1.0700000e+002  6.2000000e+001
  2.0010000e+003  2.4000000e+003  1.2000000e+003  3.0000000e+000  3.5000000e+001  9.8000000e+001  8.0000000e+001  1.0000000e+001  1.6000000e+001  3.4000000e+002  1.0700000e+002  6.2000000e+001
