  2.2000000e+001  6.0000000e+000  9.5000000e+001  2.8330000e+003  1.5500000e+001  7.0000000e+001  1.0000000e+000
  1.8000000e+001  6.0000000e+000  9.7000000e+001  2.7740000e+003  1.5500000e+001  7.0000000e+001  1.0000000e+000
  2.1000000e+001  6.0000000e+000  8.5000000e+001  2.5870000e+003  1.6000000e+001  7.0000000e+001  1.0000000e+000
  2.5000000e+001  4.0000000e+000  8.7000000e+001  2.6720000e+003  1.7500000e+001  7.0000000e+001  2.0000000e+000
  2.1000000e+001  6.0000000e+000  9.0000000e+001  2.6480000e+003  1.5000000e+001  7.0000000e+001  1.0000000e+000
  1.9000000e+001  6.0000000e+000  1.0000000e+002  2.6340000e+003  1.3000000e+001  7.1000000e+001  1.0000000e+000
  2.2000000e+001  4.0000000e+000  7.6000000e+001  2.5110000e+003  1.8000000e+001  7.2000000e+001  2.0000000e+000
  2.3000000e+001  4.0000000e+000  9.7000000e+001  2.5060000e+003  1.4500000e+001  7.2000000e+001  3.0000000e+000
  1.8000000e+001  6.0000000e+000  1.0000000e+002  2.7890000e+003  1.5000000e+001  7.3000000e+001  1.0000000e+000
  2.1000000e+001  6.0000000e+000  1.0700000e+002  2.4720000e+003  1.4000000e+001  7.3000000e+001  1.0000000e+000
  2.0000000e+001  4.0000000e+000  9.1000000e+001  2.5820000e+003  1.4000000e+001  7.3000000e+001  2.0000000e+000
  1.9000000e+001  4.0000000e+000  1.1200000e+002  2.8680000e+003  1.5500000e+001  7.3000000e+001  2.0000000e+000
  2.4000000e+001  4.0000000e+000  1.1000000e+002  2.6600000e+003  1.4000000e+001  7.3000000e+001  2.0000000e+000
  2.0000000e+001  6.0000000e+000  1.2200000e+002  2.8070000e+003  1.3500000e+001  7.3000000e+001  3.0000000e+000
  2.5000000e+001  4.0000000e+000  7.5000000e+001  2.5420000e+003  1.7000000e+001  7.4000000e+001  1.0000000e+000
  2.4000000e+001  4.0000000e+000  9.7000000e+001  2.4890000e+003  1.5000000e+001  7.4000000e+001  3.0000000e+000
  2.3000000e+001  4.0000000e+000  8.3000000e+001  2.6390000e+003  1.7000000e+001  7.5000000e+001  1.0000000e+000
  2.3000000e+001  4.0000000e+000  7.8000000e+001  2.5920000e+003  1.8500000e+001  7.5000000e+001  1.0000000e+000
  2.4000000e+001  4.0000000e+000  9.6000000e+001  2.7020000e+003  1.3500000e+001  7.5000000e+001  3.0000000e+000
  2.4000000e+001  4.0000000e+000  9.7000000e+001  2.5450000e+003  1.7000000e+001  7.5000000e+001  3.0000000e+000
  2.3000000e+001  4.0000000e+000  9.5000000e+001  2.6940000e+003  1.5000000e+001  7.5000000e+001  2.0000000e+000
  2.5000000e+001  4.0000000e+000  1.1500000e+002  2.6710000e+003  1.3500000e+001  7.5000000e+001  2.0000000e+000
  2.8000000e+001  4.0000000e+000  8.6000000e+001  2.4640000e+003  1.5500000e+001  7.6000000e+001  2.0000000e+000
  2.5000000e+001  4.0000000e+000  9.2000000e+001  2.5720000e+003  1.4900000e+001  7.6000000e+001  1.0000000e+000
  2.6500000e+001  4.0000000e+000  7.2000000e+001  2.5650000e+003  1.3600000e+001  7.6000000e+001  1.0000000e+000
  2.4500000e+001  4.0000000e+000  8.8000000e+001  2.7400000e+003  1.6000000e+001  7.7000000e+001  1.0000000e+000
  2.5500000e+001  4.0000000e+000  8.9000000e+001  2.7550000e+003  1.5800000e+001  7.7000000e+001  1.0000000e+000
  2.2000000e+001  6.0000000e+000  9.7000000e+001  2.8150000e+003  1.4500000e+001  7.7000000e+001  3.0000000e+000
  2.1500000e+001  4.0000000e+000  1.1000000e+002  2.6000000e+003  1.2800000e+001  7.7000000e+001  2.0000000e+000
  2.1500000e+001  3.0000000e+000  1.1000000e+002  2.7200000e+003  1.3500000e+001  7.7000000e+001  3.0000000e+000
  2.5100000e+001  4.0000000e+000  8.8000000e+001  2.7200000e+003  1.5400000e+001  7.8000000e+001  1.0000000e+000
  2.7500000e+001  4.0000000e+000  9.5000000e+001  2.5600000e+003  1.4200000e+001  7.8000000e+001  3.0000000e+000
  2.1100000e+001  4.0000000e+000  9.5000000e+001  2.5150000e+003  1.4800000e+001  7.8000000e+001  3.0000000e+000
  2.3200001e+001  4.0000000e+000  1.0500000e+002  2.7450000e+003  1.6700001e+001  7.8000000e+001  1.0000000e+000
  2.3799999e+001  4.0000000e+000  8.5000000e+001  2.8550000e+003  1.7600000e+001  7.8000000e+001  1.0000000e+000
  2.0299999e+001  5.0000000e+000  1.0300000e+002  2.8300000e+003  1.5900000e+001  7.8000000e+001  2.0000000e+000
  2.1600000e+001  4.0000000e+000  1.1500000e+002  2.7950000e+003  1.5700000e+001  7.8000000e+001  2.0000000e+000
  2.7400000e+001  4.0000000e+000  8.0000000e+001  2.6700000e+003  1.5000000e+001  7.9000000e+001  1.0000000e+000
  2.8400000e+001  4.0000000e+000  9.0000000e+001  2.6700000e+003  1.6000000e+001  7.9000000e+001  1.0000000e+000
  2.8799999e+001  6.0000000e+000  1.1500000e+002  2.5950000e+003  1.1300000e+001  7.9000000e+001  1.0000000e+000
  2.6799999e+001  6.0000000e+000  1.1500000e+002  2.7000000e+003  1.2900000e+001  7.9000000e+001  1.0000000e+000
  3.3500000e+001  4.0000000e+000  9.0000000e+001  2.5560000e+003  1.3200000e+001  7.9000000e+001  1.0000000e+000
  2.8000000e+001  4.0000000e+000  9.0000000e+001  2.6780000e+003  1.6500000e+001  8.0000000e+001  1.0000000e+000
  2.6400000e+001  4.0000000e+000  8.8000000e+001  2.8700000e+003  1.8100000e+001  8.0000000e+001  1.0000000e+000
  2.9799999e+001  4.0000000e+000  9.0000000e+001  2.7110000e+003  1.5500000e+001  8.0000000e+001  3.0000000e+000
  3.1299999e+001  4.0000000e+000  7.5000000e+001  2.5420000e+003  1.7500000e+001  8.0000000e+001  3.0000000e+000
  2.7900000e+001  4.0000000e+000  1.0500000e+002  2.8000000e+003  1.4400000e+001  8.0000000e+001  1.0000000e+000
  3.5000000e+001  4.0000000e+000  8.8000000e+001  2.5000000e+003  1.5100000e+001  8.0000000e+001  2.0000000e+000
  2.7200001e+001  4.0000000e+000  8.4000000e+001  2.4900000e+003  1.5700000e+001  8.1000000e+001  1.0000000e+000
  2.6600000e+001  4.0000000e+000  8.4000000e+001  2.6350000e+003  1.6400000e+001  8.1000000e+001  1.0000000e+000
  2.5799999e+001  4.0000000e+000  9.2000000e+001  2.6200000e+003  1.4400000e+001  8.1000000e+001  1.0000000e+000
  2.3500000e+001  6.0000000e+000  1.1000000e+002  2.7250000e+003  1.2600000e+001  8.1000000e+001  1.0000000e+000
  3.2900002e+001  4.0000000e+000  1.0000000e+002  2.6150000e+003  1.4800000e+001  8.1000000e+001  3.0000000e+000
  3.1600000e+001  4.0000000e+000  7.4000000e+001  2.6350000e+003  1.8299999e+001  8.1000000e+001  3.0000000e+000
  2.8000000e+001  4.0000000e+000  8.8000000e+001  2.6050000e+003  1.9600000e+001  8.2000000e+001  1.0000000e+000
  2.7000000e+001  4.0000000e+000  8.8000000e+001  2.6400000e+003  1.8600000e+001  8.2000000e+001  1.0000000e+000
  3.1000000e+001  4.0000000e+000  8.5000000e+001  2.5750000e+003  1.6200001e+001  8.2000000e+001  1.0000000e+000
  2.9000000e+001  4.0000000e+000  8.4000000e+001  2.5250000e+003  1.6000000e+001  8.2000000e+001  1.0000000e+000
  2.7000000e+001  4.0000000e+000  9.0000000e+001  2.7350000e+003  1.8000000e+001  8.2000000e+001  1.0000000e+000
  2.4000000e+001  4.0000000e+000  9.2000000e+001  2.8650000e+003  1.6400000e+001  8.2000000e+001  1.0000000e+000
  2.6000000e+001  4.0000000e+000  9.2000000e+001  2.5850000e+003  1.4500000e+001  8.2000000e+001  1.0000000e+000
  2.2000000e+001  6.0000000e+000  1.1200000e+002  2.8350000e+003  1.4700000e+001  8.2000000e+001  1.0000000e+000
  3.2000000e+001  4.0000000e+000  9.6000000e+001  2.6650000e+003  1.3900000e+001  8.2000000e+001  3.0000000e+000
  2.7000000e+001  4.0000000e+000  8.6000000e+001  2.7900000e+003  1.5600000e+001  8.2000000e+001  1.0000000e+000
  2.8000000e+001  4.0000000e+000  7.9000000e+001  2.6250000e+003  1.8600000e+001  8.2000000e+001  1.0000000e+000
  3.1000000e+001  4.0000000e+000  8.2000000e+001  2.7200000e+003  1.9400000e+001  8.2000000e+001  1.0000000e+000
