  2.4000000e+001  4.0000000e+000  9.5000000e+001  2.3720000e+003  1.5000000e+001  7.0000000e+001  3.0000000e+000
  2.7000000e+001  4.0000000e+000  8.8000000e+001  2.1300000e+003  1.4500000e+001  7.0000000e+001  3.0000000e+000
  2.4000000e+001  4.0000000e+000  9.0000000e+001  2.4300000e+003  1.4500000e+001  7.0000000e+001  2.0000000e+000
  2.5000000e+001  4.0000000e+000  9.5000000e+001  2.3750000e+003  1.7500000e+001  7.0000000e+001  2.0000000e+000
  2.6000000e+001  4.0000000e+000  1.1300000e+002  2.2340000e+003  1.2500000e+001  7.0000000e+001  2.0000000e+000
  2.7000000e+001  4.0000000e+000  8.8000000e+001  2.1300000e+003  1.4500000e+001  7.1000000e+001  3.0000000e+000
  2.8000000e+001  4.0000000e+000  9.0000000e+001  2.2640000e+003  1.5500000e+001  7.1000000e+001  1.0000000e+000
  2.5000000e+001  4.0000000e+000  9.5000000e+001  2.2280000e+003  1.4000000e+001  7.1000000e+001  3.0000000e+000
  2.2000000e+001  4.0000000e+000  7.2000000e+001  2.4080000e+003  1.9000000e+001  7.1000000e+001  1.0000000e+000
  2.3000000e+001  4.0000000e+000  8.6000000e+001  2.2200000e+003  1.4000000e+001  7.1000000e+001  1.0000000e+000
  2.8000000e+001  4.0000000e+000  9.0000000e+001  2.1230000e+003  1.4000000e+001  7.1000000e+001  2.0000000e+000
  2.4000000e+001  4.0000000e+000  9.5000000e+001  2.2780000e+003  1.5500000e+001  7.2000000e+001  3.0000000e+000
  2.5000000e+001  4.0000000e+000  8.0000000e+001  2.1260000e+003  1.7000000e+001  7.2000000e+001  1.0000000e+000
  2.3000000e+001  4.0000000e+000  5.4000000e+001  2.2540000e+003  2.3500000e+001  7.2000000e+001  2.0000000e+000
  2.0000000e+001  4.0000000e+000  9.0000000e+001  2.4080000e+003  1.9500000e+001  7.2000000e+001  1.0000000e+000
  2.1000000e+001  4.0000000e+000  8.6000000e+001  2.2260000e+003  1.6500000e+001  7.2000000e+001  1.0000000e+000
  1.9000000e+001  3.0000000e+000  9.7000000e+001  2.3300000e+003  1.3500000e+001  7.2000000e+001  3.0000000e+000
  2.6000000e+001  4.0000000e+000  6.9000000e+001  2.1890000e+003  1.8000000e+001  7.2000000e+001  2.0000000e+000
  2.2000000e+001  4.0000000e+000  8.6000000e+001  2.3950000e+003  1.6000000e+001  7.2000000e+001  1.0000000e+000
  2.8000000e+001  4.0000000e+000  9.2000000e+001  2.2880000e+003  1.7000000e+001  7.2000000e+001  3.0000000e+000
  2.8000000e+001  4.0000000e+000  8.0000000e+001  2.1640000e+003  1.5000000e+001  7.2000000e+001  1.0000000e+000
  2.7000000e+001  4.0000000e+000  8.8000000e+001  2.1000000e+003  1.6500000e+001  7.2000000e+001  3.0000000e+000
  2.0000000e+001  4.0000000e+000  8.8000000e+001  2.2790000e+003  1.9000000e+001  7.3000000e+001  3.0000000e+000
  2.1000000e+001  4.0000000e+000  7.2000000e+001  2.4010000e+003  1.9500000e+001  7.3000000e+001  1.0000000e+000
  2.2000000e+001  4.0000000e+000  9.4000000e+001  2.3790000e+003  1.6500000e+001  7.3000000e+001  3.0000000e+000
  1.8000000e+001  3.0000000e+000  9.0000000e+001  2.1240000e+003  1.3500000e+001  7.3000000e+001  3.0000000e+000
  1.9000000e+001  4.0000000e+000  8.5000000e+001  2.3100000e+003  1.8500000e+001  7.3000000e+001  1.0000000e+000
  2.6000000e+001  4.0000000e+000  9.0000000e+001  2.2650000e+003  1.5500000e+001  7.3000000e+001  2.0000000e+000
  2.4000000e+001  4.0000000e+000  7.5000000e+001  2.1580000e+003  1.5500000e+001  7.3000000e+001  2.0000000e+000
  2.6000000e+001  4.0000000e+000  8.0000000e+001  2.4510000e+003  1.6500000e+001  7.4000000e+001  1.0000000e+000
  2.9000000e+001  4.0000000e+000  8.3000000e+001  2.2190000e+003  1.6500000e+001  7.4000000e+001  2.0000000e+000
  2.6000000e+001  4.0000000e+000  7.8000000e+001  2.3000000e+003  1.4500000e+001  7.4000000e+001  2.0000000e+000
  2.8000000e+001  4.0000000e+000  7.5000000e+001  2.1250000e+003  1.4500000e+001  7.4000000e+001  1.0000000e+000
  2.4000000e+001  4.0000000e+000  7.5000000e+001  2.1080000e+003  1.5500000e+001  7.4000000e+001  2.0000000e+000
  2.6000000e+001  4.0000000e+000  7.5000000e+001  2.2460000e+003  1.4000000e+001  7.4000000e+001  2.0000000e+000
  2.6000000e+001  4.0000000e+000  9.3000000e+001  2.3910000e+003  1.5500000e+001  7.4000000e+001  3.0000000e+000
  2.9000000e+001  4.0000000e+000  7.5000000e+001  2.1710000e+003  1.6000000e+001  7.5000000e+001  3.0000000e+000
  2.5000000e+001  4.0000000e+000  7.1000000e+001  2.2230000e+003  1.6500000e+001  7.5000000e+001  2.0000000e+000
  2.5000000e+001  4.0000000e+000  8.1000000e+001  2.2200000e+003  1.6900000e+001  7.6000000e+001  2.0000000e+000
  2.6000000e+001  4.0000000e+000  7.9000000e+001  2.2550000e+003  1.7700001e+001  7.6000000e+001  1.0000000e+000
  2.7000000e+001  4.0000000e+000  8.3000000e+001  2.2020000e+003  1.5300000e+001  7.6000000e+001  2.0000000e+000
  2.4500000e+001  4.0000000e+000  6.0000000e+001  2.1640000e+003  2.2100000e+001  7.6000000e+001  1.0000000e+000
  2.8000000e+001  4.0000000e+000  7.5000000e+001  2.1550000e+003  1.6400000e+001  7.6000000e+001  3.0000000e+000
  3.0000000e+001  4.0000000e+000  8.0000000e+001  2.1550000e+003  1.4800000e+001  7.7000000e+001  1.0000000e+000
  2.5500000e+001  4.0000000e+000  9.6000000e+001  2.3000000e+003  1.5500000e+001  7.7000000e+001  1.0000000e+000
  2.6000000e+001  4.0000000e+000  7.5000000e+001  2.2650000e+003  1.8200001e+001  7.7000000e+001  3.0000000e+000
  3.0500000e+001  4.0000000e+000  7.8000000e+001  2.1900000e+003  1.4100000e+001  7.7000000e+001  2.0000000e+000
  3.0000000e+001  4.0000000e+000  6.8000000e+001  2.1550000e+003  1.6500000e+001  7.8000000e+001  1.0000000e+000
  2.7200001e+001  4.0000000e+000  9.7000000e+001  2.3000000e+003  1.4700000e+001  7.8000000e+001  3.0000000e+000
  3.0900000e+001  4.0000000e+000  7.5000000e+001  2.2300000e+003  1.4500000e+001  7.8000000e+001  1.0000000e+000
  2.3900000e+001  4.0000000e+000  9.7000000e+001  2.4050000e+003  1.4900000e+001  7.8000000e+001  3.0000000e+000
  2.9500000e+001  4.0000000e+000  6.8000000e+001  2.1350000e+003  1.6600000e+001  7.8000000e+001  3.0000000e+000
  3.4200001e+001  4.0000000e+000  7.0000000e+001  2.2000000e+003  1.3200000e+001  7.9000000e+001  1.0000000e+000
  3.4500000e+001  4.0000000e+000  7.0000000e+001  2.1500000e+003  1.4900000e+001  7.9000000e+001  1.0000000e+000
  3.7299999e+001  4.0000000e+000  6.9000000e+001  2.1300000e+003  1.4700000e+001  7.9000000e+001  2.0000000e+000
  4.1500000e+001  4.0000000e+000  7.6000000e+001  2.1440000e+003  1.4700000e+001  8.0000000e+001  2.0000000e+000
  3.2099998e+001  4.0000000e+000  7.0000000e+001  2.1200000e+003  1.5500000e+001  8.0000000e+001  1.0000000e+000
  3.4299999e+001  4.0000000e+000  7.8000000e+001  2.1880000e+003  1.5800000e+001  8.0000000e+001  2.0000000e+000
  3.7000000e+001  4.0000000e+000  9.2000000e+001  2.4340000e+003  1.5000000e+001  8.0000000e+001  3.0000000e+000
  3.2200001e+001  4.0000000e+000  7.5000000e+001  2.2650000e+003  1.5200000e+001  8.0000000e+001  3.0000000e+000
  4.6599998e+001  4.0000000e+000  6.5000000e+001  2.1100000e+003  1.7900000e+001  8.0000000e+001  3.0000000e+000
  4.0799999e+001  4.0000000e+000  6.5000000e+001  2.1100000e+003  1.9200001e+001  8.0000000e+001  3.0000000e+000
  4.3400002e+001  4.0000000e+000  4.8000000e+001  2.3350000e+003  2.3700001e+001  8.0000000e+001  2.0000000e+000
  3.3799999e+001  4.0000000e+000  6.7000000e+001  2.1450000e+003  1.8000000e+001  8.0000000e+001  3.0000000e+000
  2.3700001e+001  3.0000000e+000  1.0000000e+002  2.4200000e+003  1.2500000e+001  8.0000000e+001  3.0000000e+000
  3.2400002e+001  4.0000000e+000  7.2000000e+001  2.2900000e+003  1.7000000e+001  8.0000000e+001  3.0000000e+000
  3.0000000e+001  4.0000000e+000  8.4000000e+001  2.3850000e+003  1.2900000e+001  8.1000000e+001  1.0000000e+000
  3.4700001e+001  4.0000000e+000  6.3000000e+001  2.2150000e+003  1.4900000e+001  8.1000000e+001  1.0000000e+000
  2.9900000e+001  4.0000000e+000  6.5000000e+001  2.3800000e+003  2.0700001e+001  8.1000000e+001  1.0000000e+000
  3.3000000e+001  4.0000000e+000  7.4000000e+001  2.1900000e+003  1.4200000e+001  8.1000000e+001  2.0000000e+000
  3.3700001e+001  4.0000000e+000  7.5000000e+001  2.2100000e+003  1.4400000e+001  8.1000000e+001  3.0000000e+000
  3.2400002e+001  4.0000000e+000  7.5000000e+001  2.3500000e+003  1.6799999e+001  8.1000000e+001  3.0000000e+000
  3.4000000e+001  4.0000000e+000  8.8000000e+001  2.3950000e+003  1.8000000e+001  8.2000000e+001  1.0000000e+000
  3.8000000e+001  4.0000000e+000  6.3000000e+001  2.1250000e+003  1.4700000e+001  8.2000000e+001  1.0000000e+000
  3.6000000e+001  4.0000000e+000  7.0000000e+001  2.1250000e+003  1.7299999e+001  8.2000000e+001  1.0000000e+000
  3.6000000e+001  4.0000000e+000  8.8000000e+001  2.1600000e+003  1.4500000e+001  8.2000000e+001  3.0000000e+000
  3.6000000e+001  4.0000000e+000  7.5000000e+001  2.2050000e+003  1.4500000e+001  8.2000000e+001  3.0000000e+000
  3.4000000e+001  4.0000000e+000  7.0000000e+001  2.2450000e+003  1.6900000e+001  8.2000000e+001  3.0000000e+000
  3.6000000e+001  4.0000000e+000  8.4000000e+001  2.3700000e+003  1.3000000e+001  8.2000000e+001  1.0000000e+000
  4.4000000e+001  4.0000000e+000  5.2000000e+001  2.1300000e+003  2.4600000e+001  8.2000000e+001  2.0000000e+000
  3.2000000e+001  4.0000000e+000  8.4000000e+001  2.2950000e+003  1.1600000e+001  8.2000000e+001  1.0000000e+000
