  2.6000000e+001  4.0000000e+000  4.6000000e+001  1.8350000e+003  2.0500000e+001  7.0000000e+001  2.0000000e+000
  3.0000000e+001  4.0000000e+000  7.0000000e+001  2.0740000e+003  1.9500000e+001  7.1000000e+001  2.0000000e+000
  3.0000000e+001  4.0000000e+000  7.6000000e+001  2.0650000e+003  1.4500000e+001  7.1000000e+001  2.0000000e+000
  3.1000000e+001  4.0000000e+000  6.5000000e+001  1.7730000e+003  1.9000000e+001  7.1000000e+001  3.0000000e+000
  3.5000000e+001  4.0000000e+000  6.9000000e+001  1.6130000e+003  1.8000000e+001  7.1000000e+001  3.0000000e+000
  2.7000000e+001  4.0000000e+000  6.0000000e+001  1.8340000e+003  1.9000000e+001  7.1000000e+001  2.0000000e+000
  2.6000000e+001  4.0000000e+000  7.0000000e+001  1.9550000e+003  2.0500000e+001  7.1000000e+001  1.0000000e+000
  2.6000000e+001  4.0000000e+000  4.6000000e+001  1.9500000e+003  2.1000000e+001  7.3000000e+001  2.0000000e+000
  2.9000000e+001  4.0000000e+000  4.9000000e+001  1.8670000e+003  1.9500000e+001  7.3000000e+001  2.0000000e+000
  3.1000000e+001  4.0000000e+000  6.7000000e+001  1.9500000e+003  1.9000000e+001  7.4000000e+001  3.0000000e+000
  3.2000000e+001  4.0000000e+000  6.5000000e+001  1.8360000e+003  2.1000000e+001  7.4000000e+001  3.0000000e+000
  2.6000000e+001  4.0000000e+000  6.7000000e+001  1.9630000e+003  1.5500000e+001  7.4000000e+001  2.0000000e+000
  3.1000000e+001  4.0000000e+000  5.2000000e+001  1.6490000e+003  1.6500000e+001  7.4000000e+001  3.0000000e+000
  3.2000000e+001  4.0000000e+000  6.1000000e+001  2.0030000e+003  1.9000000e+001  7.4000000e+001  3.0000000e+000
  3.1000000e+001  4.0000000e+000  6.7000000e+001  2.0000000e+003  1.6000000e+001  7.4000000e+001  2.0000000e+000
  2.9000000e+001  4.0000000e+000  7.0000000e+001  1.9370000e+003  1.4000000e+001  7.5000000e+001  2.0000000e+000
  3.3000000e+001  4.0000000e+000  5.3000000e+001  1.7950000e+003  1.7500000e+001  7.5000000e+001  3.0000000e+000
  2.9000000e+001  4.0000000e+000  5.2000000e+001  2.0350000e+003  2.2200001e+001  7.6000000e+001  1.0000000e+000
  2.9000000e+001  4.0000000e+000  7.0000000e+001  1.9370000e+003  1.4200000e+001  7.6000000e+001  2.0000000e+000
  3.3000000e+001  4.0000000e+000  5.3000000e+001  1.7950000e+003  1.7400000e+001  7.6000000e+001  3.0000000e+000
  2.9500000e+001  4.0000000e+000  7.1000000e+001  1.8250000e+003  1.2200000e+001  7.6000000e+001  2.0000000e+000
  3.2000000e+001  4.0000000e+000  7.0000000e+001  1.9900000e+003  1.7000000e+001  7.6000000e+001  3.0000000e+000
  3.1500000e+001  4.0000000e+000  6.8000000e+001  2.0450000e+003  1.8500000e+001  7.7000000e+001  3.0000000e+000
  3.6000000e+001  4.0000000e+000  5.8000000e+001  1.8250000e+003  1.8600000e+001  7.7000000e+001  2.0000000e+000
  3.3500000e+001  4.0000000e+000  7.0000000e+001  1.9450000e+003  1.6799999e+001  7.7000000e+001  3.0000000e+000
  2.9000000e+001  4.0000000e+000  7.8000000e+001  1.9400000e+003  1.4500000e+001  7.7000000e+001  2.0000000e+000
  3.0500000e+001  4.0000000e+000  6.3000000e+001  2.0510000e+003  1.7000000e+001  7.7000000e+001  1.0000000e+000
  3.3500000e+001  4.0000000e+000  8.3000000e+001  2.0750000e+003  1.5900000e+001  7.7000000e+001  1.0000000e+000
  3.0000000e+001  4.0000000e+000  6.7000000e+001  1.9850000e+003  1.6400000e+001  7.7000000e+001  3.0000000e+000
  4.3099998e+001  4.0000000e+000  4.8000000e+001  1.9850000e+003  2.1500000e+001  7.8000000e+001  2.0000000e+000
  3.6099998e+001  4.0000000e+000  6.6000000e+001  1.8000000e+003  1.4400000e+001  7.8000000e+001  1.0000000e+000
  3.2799999e+001  4.0000000e+000  5.2000000e+001  1.9850000e+003  1.9400000e+001  7.8000000e+001  3.0000000e+000
  3.9400002e+001  4.0000000e+000  7.0000000e+001  2.0700000e+003  1.8600000e+001  7.8000000e+001  3.0000000e+000
  3.6099998e+001  4.0000000e+000  6.0000000e+001  1.8000000e+003  1.6400000e+001  7.8000000e+001  3.0000000e+000
  3.1500000e+001  4.0000000e+000  7.1000000e+001  1.9900000e+003  1.4900000e+001  7.8000000e+001  2.0000000e+000
  3.1900000e+001  4.0000000e+000  7.1000000e+001  1.9250000e+003  1.4000000e+001  7.9000000e+001  2.0000000e+000
  3.4099998e+001  4.0000000e+000  6.5000000e+001  1.9750000e+003  1.5200000e+001  7.9000000e+001  3.0000000e+000
  3.5700001e+001  4.0000000e+000  8.0000000e+001  1.9150000e+003  1.4400000e+001  7.9000000e+001  1.0000000e+000
  3.1799999e+001  4.0000000e+000  6.5000000e+001  2.0200000e+003  1.9200001e+001  7.9000000e+001  3.0000000e+000
  3.8099998e+001  4.0000000e+000  6.0000000e+001  1.9680000e+003  1.8799999e+001  8.0000000e+001  3.0000000e+000
  3.7200001e+001  4.0000000e+000  6.5000000e+001  2.0190000e+003  1.6400000e+001  8.0000000e+001  3.0000000e+000
  4.4299999e+001  4.0000000e+000  4.8000000e+001  2.0850000e+003  2.1700001e+001  8.0000000e+001  2.0000000e+000
  4.4599998e+001  4.0000000e+000  6.7000000e+001  1.8500000e+003  1.3800000e+001  8.0000000e+001  3.0000000e+000
  2.9799999e+001  4.0000000e+000  6.2000000e+001  1.8450000e+003  1.5300000e+001  8.0000000e+001  2.0000000e+000
  3.9099998e+001  4.0000000e+000  5.8000000e+001  1.7550000e+003  1.6900000e+001  8.1000000e+001  3.0000000e+000
  3.9000000e+001  4.0000000e+000  6.4000000e+001  1.8750000e+003  1.6400000e+001  8.1000000e+001  1.0000000e+000
  3.5099998e+001  4.0000000e+000  6.0000000e+001  1.7600000e+003  1.6100000e+001  8.1000000e+001  3.0000000e+000
  3.2299999e+001  4.0000000e+000  6.7000000e+001  2.0650000e+003  1.7799999e+001  8.1000000e+001  3.0000000e+000
  3.7000000e+001  4.0000000e+000  6.5000000e+001  1.9750000e+003  1.9400000e+001  8.1000000e+001  3.0000000e+000
  3.7700001e+001  4.0000000e+000  6.2000000e+001  2.0500000e+003  1.7299999e+001  8.1000000e+001  3.0000000e+000
  3.4099998e+001  4.0000000e+000  6.8000000e+001  1.9850000e+003  1.6000000e+001  8.1000000e+001  3.0000000e+000
  3.4400002e+001  4.0000000e+000  6.5000000e+001  2.0450000e+003  1.6200001e+001  8.1000000e+001  1.0000000e+000
  3.6000000e+001  4.0000000e+000  7.4000000e+001  1.9800000e+003  1.5300000e+001  8.2000000e+001  2.0000000e+000
  3.7000000e+001  4.0000000e+000  6.8000000e+001  2.0250000e+003  1.8200001e+001  8.2000000e+001  3.0000000e+000
  3.1000000e+001  4.0000000e+000  6.8000000e+001  1.9700000e+003  1.7600000e+001  8.2000000e+001  3.0000000e+000
  3.8000000e+001  4.0000000e+000  6.7000000e+001  1.9650000e+003  1.5000000e+001  8.2000000e+001  3.0000000e+000
  3.2000000e+001  4.0000000e+000  6.7000000e+001  1.9650000e+003  1.5700000e+001  8.2000000e+001  3.0000000e+000
  3.8000000e+001  4.0000000e+000  6.7000000e+001  1.9950000e+003  1.6200001e+001  8.2000000e+001  3.0000000e+000
