  1.8000000e+001  8.0000000e+000  1.3000000e+002  3.5040000e+003  1.2000000e+001  7.0000000e+001  1.0000000e+000
  1.5000000e+001  8.0000000e+000  1.6500000e+002  3.6930000e+003  1.1500000e+001  7.0000000e+001  1.0000000e+000
  1.8000000e+001  8.0000000e+000  1.5000000e+002  3.4360000e+003  1.1000000e+001  7.0000000e+001  1.0000000e+000
  1.6000000e+001  8.0000000e+000  1.5000000e+002  3.4330000e+003  1.2000000e+001  7.0000000e+001  1.0000000e+000
  1.7000000e+001  8.0000000e+000  1.4000000e+002  3.4490000e+003  1.0500000e+001  7.0000000e+001  1.0000000e+000
  1.5000000e+001  8.0000000e+000  1.9000000e+002  3.8500000e+003  8.5000000e+000  7.0000000e+001  1.0000000e+000
  1.5000000e+001  8.0000000e+000  1.7000000e+002  3.5630000e+003  1.0000000e+001  7.0000000e+001  1.0000000e+000
  1.4000000e+001  8.0000000e+000  1.6000000e+002  3.6090000e+003  8.0000000e+000  7.0000000e+001  1.0000000e+000
  1.5000000e+001  8.0000000e+000  1.5000000e+002  3.7610000e+003  9.5000000e+000  7.0000000e+001  1.0000000e+000
  1.6000000e+001  6.0000000e+000  1.0500000e+002  3.4390000e+003  1.5500000e+001  7.1000000e+001  1.0000000e+000
  1.7000000e+001  8.0000000e+000  1.5000000e+002  3.6720000e+003  1.1500000e+001  7.2000000e+001  1.0000000e+000
  1.5000000e+001  8.0000000e+000  1.5000000e+002  3.8920000e+003  1.2500000e+001  7.2000000e+001  1.0000000e+000
  1.4000000e+001  8.0000000e+000  1.5000000e+002  3.6720000e+003  1.1500000e+001  7.3000000e+001  1.0000000e+000
  1.3000000e+001  8.0000000e+000  1.4500000e+002  3.9880000e+003  1.3000000e+001  7.3000000e+001  1.0000000e+000
  1.5000000e+001  8.0000000e+000  1.5000000e+002  3.7770000e+003  1.2500000e+001  7.3000000e+001  1.0000000e+000
  1.3000000e+001  8.0000000e+000  1.7500000e+002  3.8210000e+003  1.1000000e+001  7.3000000e+001  1.0000000e+000
  1.5000000e+001  8.0000000e+000  1.5000000e+002  3.3990000e+003  1.1000000e+001  7.3000000e+001  1.0000000e+000
  1.1000000e+001  8.0000000e+000  1.8000000e+002  3.6640000e+003  1.1000000e+001  7.3000000e+001  1.0000000e+000
  1.6000000e+001  6.0000000e+000  1.0000000e+002  3.7810000e+003  1.7000000e+001  7.4000000e+001  1.0000000e+000
  1.6000000e+001  6.0000000e+000  1.1000000e+002  3.6320000e+003  1.8000000e+001  7.4000000e+001  1.0000000e+000
  1.8000000e+001  6.0000000e+000  1.0500000e+002  3.6130000e+003  1.6500000e+001  7.4000000e+001  1.0000000e+000
  1.8000000e+001  6.0000000e+000  1.0500000e+002  3.4590000e+003  1.6000000e+001  7.5000000e+001  1.0000000e+000
  1.5000000e+001  6.0000000e+000  7.2000000e+001  3.4320000e+003  2.1000000e+001  7.5000000e+001  1.0000000e+000
  1.7000000e+001  6.0000000e+000  1.1000000e+002  3.9070000e+003  2.1000000e+001  7.5000000e+001  1.0000000e+000
  1.6000000e+001  6.0000000e+000  1.0500000e+002  3.8970000e+003  1.8500000e+001  7.5000000e+001  1.0000000e+000
  1.5000000e+001  6.0000000e+000  1.1000000e+002  3.7300000e+003  1.9000000e+001  7.5000000e+001  1.0000000e+000
  1.8000000e+001  6.0000000e+000  9.5000000e+001  3.7850000e+003  1.9000000e+001  7.5000000e+001  1.0000000e+000
  1.5500000e+001  8.0000000e+000  1.2000000e+002  3.9620000e+003  1.3900000e+001  7.6000000e+001  1.0000000e+000
  2.0000000e+001  6.0000000e+000  1.0000000e+002  3.6510000e+003  1.7700001e+001  7.6000000e+001  1.0000000e+000
  1.8000000e+001  6.0000000e+000  7.8000000e+001  3.5740000e+003  2.1000000e+001  7.6000000e+001  1.0000000e+000
  1.8500000e+001  6.0000000e+000  1.1000000e+002  3.6450000e+003  1.6200001e+001  7.6000000e+001  1.0000000e+000
  1.3000000e+001  8.0000000e+000  1.5000000e+002  3.9400000e+003  1.3200000e+001  7.6000000e+001  1.0000000e+000
  1.6500000e+001  6.0000000e+000  1.2000000e+002  3.8200000e+003  1.6700001e+001  7.6000000e+001  2.0000000e+000
  1.3000000e+001  8.0000000e+000  1.3000000e+002  3.8700000e+003  1.5000000e+001  7.6000000e+001  1.0000000e+000
  1.3000000e+001  8.0000000e+000  1.5000000e+002  3.7550000e+003  1.4000000e+001  7.6000000e+001  1.0000000e+000
  1.7500000e+001  8.0000000e+000  1.4500000e+002  3.8800000e+003  1.2500000e+001  7.7000000e+001  1.0000000e+000
  1.7500000e+001  6.0000000e+000  1.1000000e+002  3.5200000e+003  1.6400000e+001  7.7000000e+001  1.0000000e+000
  2.0500000e+001  6.0000000e+000  1.0500000e+002  3.4250000e+003  1.6900000e+001  7.7000000e+001  1.0000000e+000
  1.9000000e+001  6.0000000e+000  1.0000000e+002  3.6300000e+003  1.7700001e+001  7.7000000e+001  1.0000000e+000
  1.8500000e+001  6.0000000e+000  9.8000000e+001  3.5250000e+003  1.9000000e+001  7.7000000e+001  1.0000000e+000
  1.9400000e+001  8.0000000e+000  1.4000000e+002  3.7350000e+003  1.3200000e+001  7.8000000e+001  1.0000000e+000
  2.0200001e+001  8.0000000e+000  1.3900000e+002  3.5700000e+003  1.2800000e+001  7.8000000e+001  1.0000000e+000
  1.9200001e+001  6.0000000e+000  1.0500000e+002  3.5350000e+003  1.9200001e+001  7.8000000e+001  1.0000000e+000
  2.0500000e+001  6.0000000e+000  1.0000000e+002  3.4300000e+003  1.7200001e+001  7.8000000e+001  1.0000000e+000
  2.0600000e+001  6.0000000e+000  1.0500000e+002  3.3800000e+003  1.5800000e+001  7.8000000e+001  1.0000000e+000
  1.8600000e+001  6.0000000e+000  1.1000000e+002  3.6200000e+003  1.8700001e+001  7.8000000e+001  1.0000000e+000
  1.8100000e+001  6.0000000e+000  1.2000000e+002  3.4100000e+003  1.5100000e+001  7.8000000e+001  1.0000000e+000
  1.9200001e+001  8.0000000e+000  1.4500000e+002  3.4250000e+003  1.3200000e+001  7.8000000e+001  1.0000000e+000
  1.7700001e+001  6.0000000e+000  1.6500000e+002  3.4450000e+003  1.3400000e+001  7.8000000e+001  1.0000000e+000
  1.6200001e+001  6.0000000e+000  1.3300000e+002  3.4100000e+003  1.5800000e+001  7.8000000e+001  2.0000000e+000
  1.7000000e+001  8.0000000e+000  1.3000000e+002  3.8400000e+003  1.5400000e+001  7.9000000e+001  1.0000000e+000
  1.7600000e+001  8.0000000e+000  1.2900000e+002  3.7250000e+003  1.3400000e+001  7.9000000e+001  1.0000000e+000
  1.6500000e+001  8.0000000e+000  1.3800000e+002  3.9550000e+003  1.3200000e+001  7.9000000e+001  1.0000000e+000
  1.8200001e+001  8.0000000e+000  1.3500000e+002  3.8300000e+003  1.5200000e+001  7.9000000e+001  1.0000000e+000
  1.9200001e+001  8.0000000e+000  1.2500000e+002  3.6050000e+003  1.5000000e+001  7.9000000e+001  1.0000000e+000
  1.8500000e+001  8.0000000e+000  1.5000000e+002  3.9400000e+003  1.3000000e+001  7.9000000e+001  1.0000000e+000
  2.5400000e+001  5.0000000e+000  7.7000000e+001  3.5300000e+003  2.0100000e+001  7.9000000e+001  2.0000000e+000
  2.3000000e+001  8.0000000e+000  1.2500000e+002  3.9000000e+003  1.7400000e+001  7.9000000e+001  1.0000000e+000
  2.3900000e+001  8.0000000e+000  9.0000000e+001  3.4200000e+003  2.2200001e+001  7.9000000e+001  1.0000000e+000
  1.9100000e+001  6.0000000e+000  9.0000000e+001  3.3810000e+003  1.8700001e+001  8.0000000e+001  1.0000000e+000
  2.2400000e+001  6.0000000e+000  1.1000000e+002  3.4150000e+003  1.5800000e+001  8.1000000e+001  1.0000000e+000
  2.6600000e+001  8.0000000e+000  1.0500000e+002  3.7250000e+003  1.9000000e+001  8.1000000e+001  1.0000000e+000
  1.7600000e+001  6.0000000e+000  8.5000000e+001  3.4650000e+003  1.6600000e+001  8.1000000e+001  1.0000000e+000
