  1.4000000e+001  8.0000000e+000  2.2500000e+002  3.0860000e+003  1.0000000e+001  7.0000000e+001  1.0000000e+000
  1.7000000e+001  6.0000000e+000  1.0000000e+002  3.3290000e+003  1.5500000e+001  7.1000000e+001  1.0000000e+000
  1.9000000e+001  6.0000000e+000  8.8000000e+001  3.3020000e+003  1.5500000e+001  7.1000000e+001  1.0000000e+000
  1.8000000e+001  6.0000000e+000  1.0000000e+002  3.2880000e+003  1.5500000e+001  7.1000000e+001  1.0000000e+000
  1.8000000e+001  6.0000000e+000  1.1000000e+002  2.9620000e+003  1.3500000e+001  7.1000000e+001  1.0000000e+000
  1.9000000e+001  6.0000000e+000  1.0000000e+002  3.2820000e+003  1.5000000e+001  7.1000000e+001  1.0000000e+000
  1.8000000e+001  6.0000000e+000  8.8000000e+001  3.1390000e+003  1.4500000e+001  7.1000000e+001  1.0000000e+000
  1.8000000e+001  4.0000000e+000  1.1200000e+002  2.9330000e+003  1.4500000e+001  7.2000000e+001  2.0000000e+000
  2.1000000e+001  4.0000000e+000  8.7000000e+001  2.9790000e+003  1.9500000e+001  7.2000000e+001  2.0000000e+000
  1.8000000e+001  6.0000000e+000  1.0500000e+002  3.1210000e+003  1.6500000e+001  7.3000000e+001  1.0000000e+000
  1.6000000e+001  6.0000000e+000  1.0000000e+002  3.2780000e+003  1.8000000e+001  7.3000000e+001  1.0000000e+000
  1.8000000e+001  6.0000000e+000  1.0000000e+002  2.9450000e+003  1.6000000e+001  7.3000000e+001  1.0000000e+000
  1.8000000e+001  6.0000000e+000  8.8000000e+001  3.0210000e+003  1.6500000e+001  7.3000000e+001  1.0000000e+000
  2.3000000e+001  6.0000000e+000  9.5000000e+001  2.9040000e+003  1.6000000e+001  7.3000000e+001  1.0000000e+000
  2.0000000e+001  6.0000000e+000  9.5000000e+001  3.1020000e+003  1.6500000e+001  7.4000000e+001  1.0000000e+000
  1.9000000e+001  6.0000000e+000  1.0000000e+002  2.9010000e+003  1.6000000e+001  7.4000000e+001  1.0000000e+000
  1.5000000e+001  6.0000000e+000  1.0000000e+002  3.3360000e+003  1.7000000e+001  7.4000000e+001  1.0000000e+000
  1.9000000e+001  6.0000000e+000  9.5000000e+001  3.2640000e+003  1.6000000e+001  7.5000000e+001  1.0000000e+000
  1.5000000e+001  6.0000000e+000  7.2000000e+001  3.1580000e+003  1.9500000e+001  7.5000000e+001  1.0000000e+000
  2.1000000e+001  6.0000000e+000  1.1000000e+002  3.0390000e+003  1.5000000e+001  7.5000000e+001  1.0000000e+000
  2.0000000e+001  8.0000000e+000  1.1000000e+002  3.2210000e+003  1.3500000e+001  7.5000000e+001  1.0000000e+000
  1.3000000e+001  8.0000000e+000  1.2900000e+002  3.1690000e+003  1.2000000e+001  7.5000000e+001  1.0000000e+000
  2.0000000e+001  6.0000000e+000  1.0000000e+002  2.9140000e+003  1.6000000e+001  7.5000000e+001  1.0000000e+000
  1.8000000e+001  6.0000000e+000  9.7000000e+001  2.9840000e+003  1.4500000e+001  7.5000000e+001  1.0000000e+000
  1.9000000e+001  6.0000000e+000  9.0000000e+001  3.2110000e+003  1.7000000e+001  7.5000000e+001  1.0000000e+000
  2.3000000e+001  4.0000000e+000  8.8000000e+001  2.9570000e+003  1.7000000e+001  7.5000000e+001  2.0000000e+000
  2.2000000e+001  4.0000000e+000  9.8000000e+001  2.9450000e+003  1.4500000e+001  7.5000000e+001  2.0000000e+000
  2.2000000e+001  6.0000000e+000  1.0000000e+002  3.2330000e+003  1.5400000e+001  7.6000000e+001  1.0000000e+000
  2.2000000e+001  6.0000000e+000  1.0500000e+002  3.3530000e+003  1.4500000e+001  7.6000000e+001  1.0000000e+000
  2.4000000e+001  6.0000000e+000  8.1000000e+001  3.0120000e+003  1.7600000e+001  7.6000000e+001  1.0000000e+000
  2.2500000e+001  6.0000000e+000  9.0000000e+001  3.0850000e+003  1.7600000e+001  7.6000000e+001  1.0000000e+000
  1.7500000e+001  6.0000000e+000  9.5000000e+001  3.1930000e+003  1.7799999e+001  7.6000000e+001  1.0000000e+000
  2.0000000e+001  4.0000000e+000  1.0200000e+002  3.1500000e+003  1.5700000e+001  7.6000000e+001  2.0000000e+000
  1.9000000e+001  4.0000000e+000  8.8000000e+001  3.2700000e+003  2.1900000e+001  7.6000000e+001  2.0000000e+000
  1.9000000e+001  6.0000000e+000  1.0800000e+002  2.9300000e+003  1.5500000e+001  7.6000000e+001  3.0000000e+000
  1.9900000e+001  8.0000000e+000  1.1000000e+002  3.3650000e+003  1.5500000e+001  7.8000000e+001  1.0000000e+000
  2.0500000e+001  6.0000000e+000  9.5000000e+001  3.1550000e+003  1.8200001e+001  7.8000000e+001  1.0000000e+000
  2.0200001e+001  6.0000000e+000  8.5000000e+001  2.9650000e+003  1.5800000e+001  7.8000000e+001  1.0000000e+000
  1.9400000e+001  6.0000000e+000  9.0000000e+001  3.2100000e+003  1.7200001e+001  7.8000000e+001  1.0000000e+000
  2.0799999e+001  6.0000000e+000  8.5000000e+001  3.0700000e+003  1.6700001e+001  7.8000000e+001  1.0000000e+000
  1.8100000e+001  8.0000000e+000  1.3900000e+002  3.2050000e+003  1.1200000e+001  7.8000000e+001  1.0000000e+000
  1.7000000e+001  6.0000000e+000  1.2500000e+002  3.1400000e+003  1.3600000e+001  7.8000000e+001  2.0000000e+000
  2.1500000e+001  6.0000000e+000  1.1500000e+002  3.2450000e+003  1.5400000e+001  7.9000000e+001  1.0000000e+000
  1.9799999e+001  6.0000000e+000  8.5000000e+001  2.9900000e+003  1.8200001e+001  7.9000000e+001  1.0000000e+000
  2.2299999e+001  4.0000000e+000  8.8000000e+001  2.8900000e+003  1.7299999e+001  7.9000000e+001  1.0000000e+000
  2.0200001e+001  6.0000000e+000  9.0000000e+001  3.2650000e+003  1.8200001e+001  7.9000000e+001  1.0000000e+000
  2.0600000e+001  6.0000000e+000  1.1000000e+002  3.3600000e+003  1.6600000e+001  7.9000000e+001  1.0000000e+000
  2.7200001e+001  4.0000000e+000  7.1000000e+001  3.1900000e+003  2.4799999e+001  7.9000000e+001  2.0000000e+000
  2.4299999e+001  4.0000000e+000  9.0000000e+001  3.0030000e+003  2.0100000e+001  8.0000000e+001  1.0000000e+000
  3.6400002e+001  5.0000000e+000  6.7000000e+001  2.9500000e+003  1.9900000e+001  8.0000000e+001  2.0000000e+000
  3.0000000e+001  4.0000000e+000  6.7000000e+001  3.2500000e+003  2.1799999e+001  8.0000000e+001  2.0000000e+000
  3.2700001e+001  6.0000000e+000  1.3200000e+002  2.9100000e+003  1.1400000e+001  8.0000000e+001  3.0000000e+000
  2.8100000e+001  4.0000000e+000  8.0000000e+001  3.2300000e+003  2.0400000e+001  8.1000000e+001  2.0000000e+000
  3.0700001e+001  6.0000000e+000  7.6000000e+001  3.1600000e+003  1.9600000e+001  8.1000000e+001  2.0000000e+000
  2.5400000e+001  6.0000000e+000  1.1600000e+002  2.9000000e+003  1.2600000e+001  8.1000000e+001  3.0000000e+000
  2.4200001e+001  6.0000000e+000  1.2000000e+002  2.9300000e+003  1.3800000e+001  8.1000000e+001  3.0000000e+000
  2.0200001e+001  6.0000000e+000  8.8000000e+001  3.0600000e+003  1.7100000e+001  8.1000000e+001  1.0000000e+000
  2.5000000e+001  6.0000000e+000  1.1000000e+002  2.9450000e+003  1.6400000e+001  8.2000000e+001  1.0000000e+000
  3.8000000e+001  6.0000000e+000  8.5000000e+001  3.0150000e+003  1.7000000e+001  8.2000000e+001  1.0000000e+000
  2.7000000e+001  4.0000000e+000  9.0000000e+001  2.9500000e+003  1.7299999e+001  8.2000000e+001  1.0000000e+000
