  2.0030000e+003  3.0720000e+003  2.0480000e+003  6.0000000e+000  0.0000000e+000  0.0000000e+000  0.0000000e+000  0.0000000e+000  0.0000000e+000  8.7500000e+002  1.5000000e+002  1.2990000e+003
  2.0040000e+003  3.5040000e+003  2.5440000e+003  8.0000000e+000  0.0000000e+000  0.0000000e+000  0.0000000e+000  0.0000000e+000  0.0000000e+000  7.7000000e+002  1.4400000e+002  1.2990000e+003
  2.0050000e+003  3.5040000e+003  2.5440000e+003  8.0000000e+000  0.0000000e+000  0.0000000e+000  0.0000000e+000  0.0000000e+000  0.0000000e+000  7.7000000e+002  1.4400000e+002  1.2990000e+003
  2.0030000e+003  3.0720000e+003  2.0480000e+003  6.0000000e+000  0.0000000e+000  0.0000000e+000  0.0000000e+000  0.0000000e+000  0.0000000e+000  6.4500000e+002  1.4200000e+002  1.2990000e+003
  2.0060000e+003  3.5040000e+003  2.5440000e+003  8.0000000e+000  0.0000000e+000  0.0000000e+000  0.0000000e+000  0.0000000e+000  0.0000000e+000  7.8400000e+002  1.4400000e+002  1.2990000e+003
  2.0050000e+003  3.4560000e+003  2.4960000e+003  8.0000000e+000  0.0000000e+000  0.0000000e+000  0.0000000e+000  0.0000000e+000  0.0000000e+000  5.4000000e+002  1.2700000e+002  1.2990000e+003
  2.0060000e+003  3.8880000e+003  2.8160000e+003  1.0000000e+001  0.0000000e+000  0.0000000e+000  0.0000000e+000  0.0000000e+000  0.0000000e+000  5.5600000e+002  1.2700000e+002  1.2990000e+003
  2.0070000e+003  3.8880000e+003  2.8160000e+003  1.0000000e+001  0.0000000e+000  0.0000000e+000  0.0000000e+000  0.0000000e+000  0.0000000e+000  8.2200000e+002  1.4600000e+002  1.2990000e+003
  2.0050000e+003  4.3680000e+003  3.1680000e+003  1.2000000e+001  0.0000000e+000  0.0000000e+000  0.0000000e+000  0.0000000e+000  0.0000000e+000  8.9500000e+002  1.5200000e+002  2.4990000e+003
  2.0040000e+003  2.8320000e+003  2.0160000e+003  6.0000000e+000  3.5000000e+001  2.1000000e+002  5.0000000e+001  1.0000000e+000  1.6000000e+001  5.9700000e+002  1.2100000e+002  1.6990000e+003
  2.0020000e+003  2.8320000e+003  2.0480000e+003  3.0000000e+000  3.5000000e+001  2.1000000e+002  5.0000000e+001  1.0000000e+000  3.4000000e+002  5.9000000e+002  1.2100000e+002  1.6990000e+003
  2.0070000e+003  4.2560000e+003  3.0240000e+003  6.0000000e+000  0.0000000e+000  0.0000000e+000  0.0000000e+000  0.0000000e+000  0.0000000e+000  9.2000000e+002  1.4700000e+002  1.6990000e+003
  2.0000000e+003  3.0400000e+003  2.3400000e+003  3.0000000e+000  0.0000000e+000  0.0000000e+000  0.0000000e+000  0.0000000e+000  1.6000000e+001  8.2000000e+002  1.4800000e+002  1.6990000e+003
  2.0020000e+003  4.2560000e+003  3.0240000e+003  6.0000000e+000  0.0000000e+000  0.0000000e+000  0.0000000e+000  0.0000000e+000  0.0000000e+000  8.5000000e+002  1.4200000e+002  1.6990000e+003
  2.0040000e+003  4.2560000e+003  3.0240000e+003  6.0000000e+000  0.0000000e+000  0.0000000e+000  0.0000000e+000  0.0000000e+000  0.0000000e+000  9.3000000e+002  1.4800000e+002  1.6990000e+003
  2.0060000e+003  4.2560000e+003  3.0240000e+003  6.0000000e+000  0.0000000e+000  0.0000000e+000  0.0000000e+000  0.0000000e+000  0.0000000e+000  9.2000000e+002  1.4700000e+002  1.6990000e+003
  2.0020000e+003  2.5600000e+003  1.6000000e+003  5.0000000e+000  3.5000000e+001  1.0500000e+002  5.5000000e+001  1.2000000e+001  1.6000000e+001  2.0500000e+002  9.2000000e+001  1.6990000e+003
  2.0030000e+003  2.5600000e+003  1.6000000e+003  5.0000000e+000  3.5000000e+001  1.0500000e+002  6.0000000e+001  1.7000000e+001  1.6000000e+001  2.0500000e+002  9.2000000e+001  1.6990000e+003
  2.0020000e+003  3.0080000e+003  2.2400000e+003  6.0000000e+000  0.0000000e+000  0.0000000e+000  0.0000000e+000  0.0000000e+000  0.0000000e+000  7.8000000e+002  1.4400000e+002  1.5990000e+003
  2.0050000e+003  3.8720000e+003  2.8960000e+003  1.0000000e+001  0.0000000e+000  0.0000000e+000  0.0000000e+000  0.0000000e+000  0.0000000e+000  9.2000000e+002  1.4700000e+002  1.5990000e+003
  2.0030000e+003  2.4640000e+003  1.8400000e+003  4.0000000e+000  0.0000000e+000  0.0000000e+000  0.0000000e+000  0.0000000e+000  0.0000000e+000  1.2000000e+003  1.5800000e+002  1.5990000e+003
  2.0070000e+003  4.2880000e+003  3.2160000e+003  1.2000000e+001  0.0000000e+000  0.0000000e+000  0.0000000e+000  0.0000000e+000  0.0000000e+000  9.2500000e+002  1.4700000e+002  1.7990000e+003
  2.0050000e+003  3.0080000e+003  2.2560000e+003  6.0000000e+000  0.0000000e+000  0.0000000e+000  0.0000000e+000  0.0000000e+000  0.0000000e+000  6.2000000e+002  1.3300000e+002  1.5990000e+003
  2.0040000e+003  3.0080000e+003  2.2400000e+003  6.0000000e+000  0.0000000e+000  0.0000000e+000  0.0000000e+000  0.0000000e+000  0.0000000e+000  6.7900000e+002  1.4000000e+002  1.5990000e+003
  2.0050000e+003  3.0080000e+003  2.2400000e+003  6.0000000e+000  0.0000000e+000  0.0000000e+000  0.0000000e+000  0.0000000e+000  0.0000000e+000  6.7900000e+002  1.4000000e+002  1.5990000e+003
  2.0060000e+003  3.8720000e+003  2.8960000e+003  1.0000000e+001  0.0000000e+000  0.0000000e+000  0.0000000e+000  0.0000000e+000  0.0000000e+000  6.6800000e+002  1.3200000e+002  1.1990000e+003
  2.0010000e+003  2.2720000e+003  2.0480000e+003  3.0000000e+000  3.5000000e+001  9.8000000e+001  8.0000000e+001  1.0000000e+001  1.6000000e+001  2.7000000e+002  8.7000000e+001  1.6990000e+003
  2.0050000e+003  2.5920000e+003  1.6000000e+003  5.0000000e+000  3.6000000e+001  3.5000000e+001  5.0000000e+001  2.0000000e+001  0.0000000e+000  1.4000000e+002  1.0100000e+002  1.6990000e+003
  2.0030000e+003  2.5600000e+003  1.6000000e+003  4.0000000e+000  0.0000000e+000  0.0000000e+000  0.0000000e+000  0.0000000e+000  0.0000000e+000  7.3500000e+002  1.4100000e+002  1.6990000e+003
  2.0000000e+003  2.2400000e+003  1.6000000e+003  3.0000000e+000  3.5000000e+001  1.4000000e+002  6.0000000e+001  2.0000000e+001  0.0000000e+000  1.1900000e+003  1.2900000e+002  1.6990000e+003
  2.0010000e+003  2.5600000e+003  1.7920000e+003  4.0000000e+000  3.5000000e+001  1.4000000e+002  6.0000000e+001  2.0000000e+001  1.6000000e+001  1.1900000e+003  1.2900000e+002  1.6990000e+003
  2.0070000e+003  3.6480000e+003  3.2000000e+003  1.0000000e+001  0.0000000e+000  0.0000000e+000  0.0000000e+000  0.0000000e+000  0.0000000e+000  8.0000000e+002  1.4200000e+002  1.6990000e+003
  2.0040000e+003  3.2640000e+003  3.2000000e+003  8.0000000e+000  0.0000000e+000  0.0000000e+000  0.0000000e+000  0.0000000e+000  0.0000000e+000  6.2400000e+002  1.4700000e+002  1.6990000e+003
  2.0060000e+003  3.1360000e+003  2.5600000e+003  7.0000000e+000  0.0000000e+000  0.0000000e+000  0.0000000e+000  0.0000000e+000  0.0000000e+000  6.1600000e+002  1.4000000e+002  1.6990000e+003
  2.0060000e+003  3.6480000e+003  3.2000000e+003  1.0000000e+001  0.0000000e+000  0.0000000e+000  0.0000000e+000  0.0000000e+000  0.0000000e+000  4.3500000e+002  1.3000000e+002  1.6990000e+003
  2.0070000e+003  3.6480000e+003  3.2000000e+003  1.0000000e+001  0.0000000e+000  0.0000000e+000  0.0000000e+000  0.0000000e+000  0.0000000e+000  4.3500000e+002  1.3000000e+002  1.6990000e+003
  2.0050000e+003  3.2640000e+003  3.2000000e+003  8.0000000e+000  0.0000000e+000  0.0000000e+000  0.0000000e+000  0.0000000e+000  0.0000000e+000  4.7900000e+002  1.3000000e+002  1.6990000e+003
  2.0070000e+003  3.6480000e+003  3.2000000e+003  1.0000000e+001  0.0000000e+000  0.0000000e+000  0.0000000e+000  0.0000000e+000  0.0000000e+000  4.9000000e+002  1.3600000e+002  1.6990000e+003
  2.0060000e+003  2.8160000e+003  2.0480000e+003  6.0000000e+000  2.8000000e+001  1.0200000e+002  5.0000000e+001  5.0000000e+000  1.6000000e+001  1.5500000e+002  9.4000000e+001  1.4990000e+003
  2.0060000e+003  3.0720000e+003  2.5600000e+003  7.0000000e+000  2.8000000e+001  1.0200000e+002  5.0000000e+001  5.0000000e+000  0.0000000e+000  1.7000000e+002  9.4000000e+001  1.4990000e+003
  2.0070000e+003  2.8160000e+003  2.0480000e+003  6.0000000e+000  3.5000000e+001  1.0500000e+002  5.0000000e+001  5.0000000e+000  2.7000000e+001  1.5500000e+002  9.4000000e+001  1.4990000e+003
  2.0070000e+003  4.0000000e+003  3.2640000e+003  1.2000000e+001  2.8000000e+001  1.0000000e+002  5.0000000e+001  5.0000000e+000  2.7000000e+001  1.5000000e+002  5.4000000e+001  1.4990000e+003
  2.0070000e+003  3.0720000e+003  2.5600000e+003  7.0000000e+000  3.5000000e+001  1.0500000e+002  5.0000000e+001  5.0000000e+000  2.7000000e+001  1.5500000e+002  9.4000000e+001  1.4990000e+003
  2.0060000e+003  3.0720000e+003  2.5600000e+003  7.0000000e+000  2.8000000e+001  1.0200000e+002  5.0000000e+001  5.0000000e+000  0.0000000e+000  1.9000000e+002  9.8000000e+001  1.4990000e+003
  2.0070000e+003  3.2640000e+003  2.5600000e+003  8.0000000e+000  2.8000000e+001  1.0000000e+002  5.0000000e+001  5.0000000e+000  2.7000000e+001  1.6500000e+002  9.5000000e+001  1.4990000e+003
  2.0040000e+003  2.5600000e+003  2.0480000e+003  4.0000000e+000  3.5000000e+001  1.0500000e+002  5.0000000e+001  5.0000000e+000  1.6000000e+001  1.5300000e+002  9.4000000e+001  1.4990000e+003
  2.0050000e+003  2.5600000e+003  2.5600000e+003  5.0000000e+000  3.5000000e+001  1.0500000e+002  5.0000000e+001  5.0000000e+000  1.6000000e+001  1.5500000e+002  9.4000000e+001  1.4990000e+003
  2.0050000e+003  2.8160000e+003  2.0480000e+003  6.0000000e+000  3.5000000e+001  1.0500000e+002  5.0000000e+001  5.0000000e+000  1.6000000e+001  1.5500000e+002  9.4000000e+001  1.4990000e+003
  2.0060000e+003  3.1360000e+003  2.5600000e+003  7.0000000e+000  0.0000000e+000  0.0000000e+000  0.0000000e+000  0.0000000e+000  0.0000000e+000  6.0600000e+002  1.4600000e+002  1.4990000e+003
  2.0070000e+003  3.6480000e+003  2.8160000e+003  1.0000000e+001  0.0000000e+000  0.0000000e+000  0.0000000e+000  0.0000000e+000  0.0000000e+000  5.5600000e+002  1.3500000e+002  1.4990000e+003
  2.0040000e+003  2.5600000e+003  2.0480000e+003  4.0000000e+000  2.8000000e+001  9.0000000e+001  3.0000000e+001  3.0000000e+001  1.6000000e+001  7.0500000e+002  1.3500000e+002  1.4990000e+003
  2.0040000e+003  2.5600000e+003  2.0480000e+003  4.0000000e+000  3.5000000e+001  1.0500000e+002  5.0000000e+001  1.0000000e+001  1.6000000e+001  2.0700000e+002  8.8000000e+001  1.4990000e+003
  2.0060000e+003  2.5600000e+003  2.0480000e+003  5.0000000e+000  3.5000000e+001  1.0500000e+002  5.0000000e+001  5.0000000e+000  1.4000000e+001  1.8800000e+002  1.1100000e+002  1.4990000e+003
  2.0070000e+003  3.0720000e+003  2.5600000e+003  7.0000000e+000  3.5000000e+001  1.0500000e+002  5.0000000e+001  5.0000000e+000  2.7000000e+001  1.8800000e+002  9.4000000e+001  1.4990000e+003
  2.0050000e+003  3.8400000e+003  3.0720000e+003  8.0000000e+000  2.8000000e+001  1.1200000e+002  5.0000000e+001  5.0000000e+000  3.2000000e+001  2.2000000e+002  1.0600000e+002  1.4990000e+003
  2.0060000e+003  4.2240000e+003  3.8400000e+003  1.0000000e+001  2.8000000e+001  1.1200000e+002  5.0000000e+001  5.0000000e+000  1.3000000e+001  2.2000000e+002  1.0600000e+002  1.4990000e+003
  2.0060000e+003  2.6400000e+003  1.7760000e+003  4.0000000e+000  2.8000000e+001  2.8000000e+001  0.0000000e+000  0.0000000e+000  0.0000000e+000  2.7000000e+002  1.0900000e+002  1.5990000e+003
  2.0030000e+003  2.5920000e+003  2.0480000e+003  5.0000000e+000  3.4000000e+001  1.0200000e+002  5.0000000e+001  4.0000000e+000  1.0000000e+000  6.0600000e+002  1.3900000e+002  1.3990000e+003
