  1.5000000e+001  8.0000000e+000  1.9800000e+002  4.3410000e+003  1.0000000e+001  7.0000000e+001  1.0000000e+000
  1.4000000e+001  8.0000000e+000  2.2000000e+002  4.3540000e+003  9.0000000e+000  7.0000000e+001  1.0000000e+000
  1.4000000e+001  8.0000000e+000  2.1500000e+002  4.3120000e+003  8.5000000e+000  7.0000000e+001  1.0000000e+000
  1.4000000e+001  8.0000000e+000  2.2500000e+002  4.4250000e+003  1.0000000e+001  7.0000000e+001  1.0000000e+000
  1.5000000e+001  8.0000000e+000  1.9000000e+002  3.8500000e+003  8.5000000e+000  7.0000000e+001  1.0000000e+000
  1.5000000e+001  8.0000000e+000  1.5000000e+002  3.7610000e+003  9.5000000e+000  7.0000000e+001  1.0000000e+000
  1.0000000e+001  8.0000000e+000  2.1500000e+002  4.6150000e+003  1.4000000e+001  7.0000000e+001  1.0000000e+000
  1.0000000e+001  8.0000000e+000  2.0000000e+002  4.3760000e+003  1.5000000e+001  7.0000000e+001  1.0000000e+000
  1.1000000e+001  8.0000000e+000  2.1000000e+002  4.3820000e+003  1.3500000e+001  7.0000000e+001  1.0000000e+000
  9.0000000e+000  8.0000000e+000  1.9300000e+002  4.7320000e+003  1.8500000e+001  7.0000000e+001  1.0000000e+000
  1.4000000e+001  8.0000000e+000  1.6500000e+002  4.2090000e+003  1.2000000e+001  7.1000000e+001  1.0000000e+000
  1.4000000e+001  8.0000000e+000  1.7500000e+002  4.4640000e+003  1.1500000e+001  7.1000000e+001  1.0000000e+000
  1.4000000e+001  8.0000000e+000  1.5300000e+002  4.1540000e+003  1.3500000e+001  7.1000000e+001  1.0000000e+000
  1.4000000e+001  8.0000000e+000  1.5000000e+002  4.0960000e+003  1.3000000e+001  7.1000000e+001  1.0000000e+000
  1.2000000e+001  8.0000000e+000  1.8000000e+002  4.9550000e+003  1.1500000e+001  7.1000000e+001  1.0000000e+000
  1.3000000e+001  8.0000000e+000  1.7000000e+002  4.7460000e+003  1.2000000e+001  7.1000000e+001  1.0000000e+000
  1.3000000e+001  8.0000000e+000  1.7500000e+002  5.1400000e+003  1.2000000e+001  7.1000000e+001  1.0000000e+000
  1.3000000e+001  8.0000000e+000  1.6500000e+002  4.2740000e+003  1.2000000e+001  7.2000000e+001  1.0000000e+000
  1.4000000e+001  8.0000000e+000  1.7500000e+002  4.3850000e+003  1.2000000e+001  7.2000000e+001  1.0000000e+000
  1.5000000e+001  8.0000000e+000  1.5000000e+002  4.1350000e+003  1.3500000e+001  7.2000000e+001  1.0000000e+000
  1.4000000e+001  8.0000000e+000  1.5300000e+002  4.1290000e+003  1.3000000e+001  7.2000000e+001  1.0000000e+000
  1.1000000e+001  8.0000000e+000  2.0800000e+002  4.6330000e+003  1.1000000e+001  7.2000000e+001  1.0000000e+000
  1.3000000e+001  8.0000000e+000  1.5500000e+002  4.5020000e+003  1.3500000e+001  7.2000000e+001  1.0000000e+000
  1.2000000e+001  8.0000000e+000  1.6000000e+002  4.4560000e+003  1.3500000e+001  7.2000000e+001  1.0000000e+000
  1.3000000e+001  8.0000000e+000  1.9000000e+002  4.4220000e+003  1.2500000e+001  7.2000000e+001  1.0000000e+000
  1.5000000e+001  8.0000000e+000  1.5000000e+002  3.8920000e+003  1.2500000e+001  7.2000000e+001  1.0000000e+000
  1.3000000e+001  8.0000000e+000  1.3000000e+002  4.0980000e+003  1.4000000e+001  7.2000000e+001  1.0000000e+000
  1.3000000e+001  8.0000000e+000  1.4000000e+002  4.2940000e+003  1.6000000e+001  7.2000000e+001  1.0000000e+000
  1.4000000e+001  8.0000000e+000  1.5000000e+002  4.0770000e+003  1.4000000e+001  7.2000000e+001  1.0000000e+000
  1.3000000e+001  8.0000000e+000  1.7500000e+002  4.1000000e+003  1.3000000e+001  7.3000000e+001  1.0000000e+000
  1.3000000e+001  8.0000000e+000  1.4500000e+002  3.9880000e+003  1.3000000e+001  7.3000000e+001  1.0000000e+000
  1.4000000e+001  8.0000000e+000  1.3700000e+002  4.0420000e+003  1.4500000e+001  7.3000000e+001  1.0000000e+000
  1.5000000e+001  8.0000000e+000  1.5000000e+002  3.7770000e+003  1.2500000e+001  7.3000000e+001  1.0000000e+000
  1.2000000e+001  8.0000000e+000  1.9800000e+002  4.9520000e+003  1.1500000e+001  7.3000000e+001  1.0000000e+000
  1.3000000e+001  8.0000000e+000  1.5000000e+002  4.4640000e+003  1.2000000e+001  7.3000000e+001  1.0000000e+000
  1.3000000e+001  8.0000000e+000  1.5800000e+002  4.3630000e+003  1.3000000e+001  7.3000000e+001  1.0000000e+000
  1.4000000e+001  8.0000000e+000  1.5000000e+002  4.2370000e+003  1.4500000e+001  7.3000000e+001  1.0000000e+000
  1.3000000e+001  8.0000000e+000  2.1500000e+002  4.7350000e+003  1.1000000e+001  7.3000000e+001  1.0000000e+000
  1.2000000e+001  8.0000000e+000  2.2500000e+002  4.9510000e+003  1.1000000e+001  7.3000000e+001  1.0000000e+000
  1.3000000e+001  8.0000000e+000  1.7500000e+002  3.8210000e+003  1.1000000e+001  7.3000000e+001  1.0000000e+000
  1.1000000e+001  8.0000000e+000  1.5000000e+002  4.9970000e+003  1.4000000e+001  7.3000000e+001  1.0000000e+000
  1.2000000e+001  8.0000000e+000  1.6700000e+002  4.9060000e+003  1.2500000e+001  7.3000000e+001  1.0000000e+000
  1.3000000e+001  8.0000000e+000  1.7000000e+002  4.6540000e+003  1.3000000e+001  7.3000000e+001  1.0000000e+000
  1.2000000e+001  8.0000000e+000  1.8000000e+002  4.4990000e+003  1.2500000e+001  7.3000000e+001  1.0000000e+000
  1.5000000e+001  8.0000000e+000  1.4500000e+002  4.0820000e+003  1.3000000e+001  7.3000000e+001  1.0000000e+000
  1.6000000e+001  8.0000000e+000  2.3000000e+002  4.2780000e+003  9.5000000e+000  7.3000000e+001  1.0000000e+000
  1.6000000e+001  6.0000000e+000  1.0000000e+002  3.7810000e+003  1.7000000e+001  7.4000000e+001  1.0000000e+000
  1.6000000e+001  8.0000000e+000  1.4000000e+002  4.1410000e+003  1.4000000e+001  7.4000000e+001  1.0000000e+000
  1.3000000e+001  8.0000000e+000  1.5000000e+002  4.6990000e+003  1.4500000e+001  7.4000000e+001  1.0000000e+000
  1.4000000e+001  8.0000000e+000  1.5000000e+002  4.4570000e+003  1.3500000e+001  7.4000000e+001  1.0000000e+000
  1.4000000e+001  8.0000000e+000  1.4000000e+002  4.6380000e+003  1.6000000e+001  7.4000000e+001  1.0000000e+000
  1.4000000e+001  8.0000000e+000  1.5000000e+002  4.2570000e+003  1.5500000e+001  7.4000000e+001  1.0000000e+000
  1.6000000e+001  8.0000000e+000  1.7000000e+002  4.6680000e+003  1.1500000e+001  7.5000000e+001  1.0000000e+000
  1.5000000e+001  8.0000000e+000  1.4500000e+002  4.4400000e+003  1.4000000e+001  7.5000000e+001  1.0000000e+000
  1.6000000e+001  8.0000000e+000  1.5000000e+002  4.4980000e+003  1.4500000e+001  7.5000000e+001  1.0000000e+000
  1.4000000e+001  8.0000000e+000  1.4800000e+002  4.6570000e+003  1.3500000e+001  7.5000000e+001  1.0000000e+000
  1.7000000e+001  6.0000000e+000  1.1000000e+002  3.9070000e+003  2.1000000e+001  7.5000000e+001  1.0000000e+000
  1.6000000e+001  6.0000000e+000  1.0500000e+002  3.8970000e+003  1.8500000e+001  7.5000000e+001  1.0000000e+000
  1.5000000e+001  6.0000000e+000  1.1000000e+002  3.7300000e+003  1.9000000e+001  7.5000000e+001  1.0000000e+000
  1.8000000e+001  6.0000000e+000  9.5000000e+001  3.7850000e+003  1.9000000e+001  7.5000000e+001  1.0000000e+000
  1.7500000e+001  8.0000000e+000  1.4000000e+002  4.2150000e+003  1.3000000e+001  7.6000000e+001  1.0000000e+000
  1.6000000e+001  8.0000000e+000  1.5000000e+002  4.1900000e+003  1.3000000e+001  7.6000000e+001  1.0000000e+000
  1.5500000e+001  8.0000000e+000  1.2000000e+002  3.9620000e+003  1.3900000e+001  7.6000000e+001  1.0000000e+000
  1.4500000e+001  8.0000000e+000  1.5200000e+002  4.2150000e+003  1.2800000e+001  7.6000000e+001  1.0000000e+000
  1.3000000e+001  8.0000000e+000  1.5000000e+002  3.9400000e+003  1.3200000e+001  7.6000000e+001  1.0000000e+000
  1.6500000e+001  6.0000000e+000  1.2000000e+002  3.8200000e+003  1.6700001e+001  7.6000000e+001  2.0000000e+000
  1.6500000e+001  8.0000000e+000  1.8000000e+002  4.3800000e+003  1.2100000e+001  7.6000000e+001  1.0000000e+000
  1.3000000e+001  8.0000000e+000  1.4500000e+002  4.0550000e+003  1.2000000e+001  7.6000000e+001  1.0000000e+000
  1.3000000e+001  8.0000000e+000  1.3000000e+002  3.8700000e+003  1.5000000e+001  7.6000000e+001  1.0000000e+000
  1.3000000e+001  8.0000000e+000  1.5000000e+002  3.7550000e+003  1.4000000e+001  7.6000000e+001  1.0000000e+000
  1.7500000e+001  8.0000000e+000  1.4500000e+002  3.8800000e+003  1.2500000e+001  7.7000000e+001  1.0000000e+000
  1.7000000e+001  8.0000000e+000  1.1000000e+002  4.0600000e+003  1.9000000e+001  7.7000000e+001  1.0000000e+000
  1.5500000e+001  8.0000000e+000  1.4500000e+002  4.1400000e+003  1.3700000e+001  7.7000000e+001  1.0000000e+000
  1.5000000e+001  8.0000000e+000  1.3000000e+002  4.2950000e+003  1.4900000e+001  7.7000000e+001  1.0000000e+000
  1.6000000e+001  8.0000000e+000  1.8000000e+002  4.2200000e+003  1.1100000e+001  7.7000000e+001  1.0000000e+000
  1.5500000e+001  8.0000000e+000  1.7000000e+002  4.1650000e+003  1.1400000e+001  7.7000000e+001  1.0000000e+000
  1.5500000e+001  8.0000000e+000  1.9000000e+002  4.3250000e+003  1.2200000e+001  7.7000000e+001  1.0000000e+000
  1.6000000e+001  8.0000000e+000  1.4900000e+002  4.3350000e+003  1.4500000e+001  7.7000000e+001  1.0000000e+000
  1.9400000e+001  8.0000000e+000  1.4000000e+002  3.7350000e+003  1.3200000e+001  7.8000000e+001  1.0000000e+000
  1.7500000e+001  8.0000000e+000  1.4000000e+002  4.0800000e+003  1.3700000e+001  7.8000000e+001  1.0000000e+000
  1.7000000e+001  8.0000000e+000  1.3000000e+002  3.8400000e+003  1.5400000e+001  7.9000000e+001  1.0000000e+000
  1.7600000e+001  8.0000000e+000  1.2900000e+002  3.7250000e+003  1.3400000e+001  7.9000000e+001  1.0000000e+000
  1.6500000e+001  8.0000000e+000  1.3800000e+002  3.9550000e+003  1.3200000e+001  7.9000000e+001  1.0000000e+000
  1.8200001e+001  8.0000000e+000  1.3500000e+002  3.8300000e+003  1.5200000e+001  7.9000000e+001  1.0000000e+000
  1.6900000e+001  8.0000000e+000  1.5500000e+002  4.3600000e+003  1.4900000e+001  7.9000000e+001  1.0000000e+000
  1.5500000e+001  8.0000000e+000  1.4200000e+002  4.0540000e+003  1.4300000e+001  7.9000000e+001  1.0000000e+000
  1.8500000e+001  8.0000000e+000  1.5000000e+002  3.9400000e+003  1.3000000e+001  7.9000000e+001  1.0000000e+000
  2.3000000e+001  8.0000000e+000  1.2500000e+002  3.9000000e+003  1.7400000e+001  7.9000000e+001  1.0000000e+000
  2.6600000e+001  8.0000000e+000  1.0500000e+002  3.7250000e+003  1.9000000e+001  8.1000000e+001  1.0000000e+000
