  -11.0897896646940293     
  -10.6675590119568895     
  -10.1454615057076349     
  -9.81421911350220988     
  -9.84664994451683384     
  -10.1458600849271150     
  -10.5608517395552344     
  -11.0804899623933810     
  -11.7001562577112601     
  -12.3489860880670488     
  -12.8936673818782701     
  -13.3898204815457706     
  -13.7566865014142312     
  -14.0017637643903239     
  -14.1095866347878758     
  -14.0980676641122606     
  -13.9669094570600194     
  -13.6734165152851990     
  -13.2580673034638998     
  -12.6101943063180180     
  -11.7919766016201475     
  -10.8847910136857333     
  -10.0128496598225034     
  -8.97080957547881930     
  -7.83272152007964717     
  -6.52237213239096825     
  -5.10710768364052559     
  -3.83898608856239720     
  -3.06363300477879408     
  -2.46952694794556793     
  -2.01121203070412413     
  -1.71156741434562520     
  -1.54031817480922339     
  -1.41344846336913199     
  -1.23305261792704957     
 -0.992890586371416251     
 -0.643732638771038257     
 -0.298708787292166433     
  0.464833144535682016E-01 
  0.503685907980511272     
   1.10291623120130544     
   1.79668789078488533     
   2.32498558348153272     
   2.58724662248752990     
   2.76289766924058977     
   2.85482800626281685     
   2.85465989879164095     
   2.67297932148589057     
   2.41681330521148308     
   2.13319833786615742     
   1.79559471610689125     
   1.35722997606913576     
  0.785824536603764279     
  0.231244268860774010     
 -0.382623785099192371     
  -1.10391360343167166     
  -1.80675810238582590     
  -2.32500098883902107     
  -2.78276554121541997     
  -3.32274674902120282     
  -3.93411955540103397     
  -4.44452169585759105     
  -4.86026803562329768     
  -5.20340274615502718     
  -5.52826509446737813     
  -5.90391042248107656     
  -6.25672019662050172     
  -6.50656404816190470     
  -6.68254191770750161     
  -6.84429008404072636     
  -7.00089692482400050     
  -7.11861088774982420     
  -7.22905471952816381     
  -7.33300681394602982     
  -7.40549667067509176     
  -7.46923094063158466     
  -7.54555709447118073     
  -7.64349696000196044     
  -7.77786147627221780     
  -7.95443143470349678     
  -8.15004639781357376     
  -8.34884779279746603     
  -8.51144773395707510     
  -8.70688784158991602     
  -8.93104884481920180     
  -9.11916840594732925     
  -9.27399152724096076     
  -9.41145964616926278     
  -9.53878089544510033     
  -9.64390830685255906     
  -9.75545455675884554     
  -9.86456926662001443     
  -9.97637643268460828     
  -10.0855757286491254     
  -10.1984927203411981     
  -10.3140780123069256     
  -10.4403493780370873     
  -10.5728306280147226     
  -10.6743422036927917     
  -10.7820809885231679     
  -10.9021369426154315     
  -11.0148860240762598     
  -11.1080689540570070     
  -11.1782067072694780     
  -11.1962497483903647     
  -10.8252832984006737     
  -10.2476900194500757     
  -9.74127938834994112     
  -9.63183997531669256     
  -9.81540685127187018     
  -10.2281754538577019     
  -10.8703966734342323     
  -11.7320338717483352     
  -12.7014843477411166     
  -13.5455859126459419     
  -14.1006801921733498     
  -14.4529820402477132     
  -14.4785945407040355     
  -14.3309115334084787     
  -14.0474011555318583     
  -13.5078929790514906     
  -12.7671699513991026     
  -11.7979258602847032     
  -10.6294350718813586     
  -9.25515529440191820     
  -7.86921741643989936     
  -6.48788900200388952     
  -5.21896634733086895     
  -4.20542231298458091     
  -3.26659076669168869     
  -2.59098938527024547     
  -2.13438896983142579     
  -1.74014255216536706     
  -1.45894626095643987     
  -1.18448163546966367     
 -0.847375520133941573     
 -0.477451448870749473     
 -0.894265096984258878E-01 
  0.384864779903357990     
  0.952937300185123681     
   1.56420388268338306     
   2.12662349947327423     
   2.51694982938319134     
   2.78054645244043241     
   2.90180362620826005     
   2.89741890249505119     
   2.74911390064762307     
   2.50017724226299665     
   2.16888185585127813     
   1.78546783157460953     
   1.30718160936439842     
  0.783803399982416105     
  0.233863294265707677     
 -0.432854739495737828     
  -1.11684455030052665     
  -1.76284119304621956     
  -2.34532272780884776     
  -2.90669936719368271     
  -3.48542656578616139     
  -4.04245653315609488     
  -4.54124291876973007     
  -4.97798129396337519     
  -5.37181498711185412     
  -5.74450527148620971     
  -6.07351144661839815     
  -6.34733283374380441     
  -6.58260769069779794     
  -6.77795084838245110     
  -6.94586518409360032     
  -7.10068584637669176     
  -7.23454419106511804     
  -7.34754000124419804     
  -7.44881622340871363     
  -7.55382197127949695     
  -7.67974739502255499     
  -7.82716696852348637     
  -8.00121352702386801     
  -8.15696094094165147     
  -8.33344870622394041     
  -8.54284394421827464     
  -8.75581691570519993     
  -8.96066124122546270     
  -9.13845889544025169     
  -9.34483775444376619     
  -9.49654960263472603     
  -9.65887242582747163     
  -9.80619764884659162     
  -9.94801386400947862     
  -10.0904751874289236     
  -10.2295200084087092     
  -10.3691785733501902     
  -10.5083137782896898     
  -10.6470446331171118     
  -10.7760285920621897     
  -10.9055623211598061     
  -11.0267457404867155     
  -11.1209607204021594     
  -11.1999237006320449     
  -11.2459650577017580     
  -11.1686543448365523     
  -11.1502197914514252     
  -10.3628881783019793     
  -9.54534845684764477     
  -9.12102492531012743     
  -8.97887110311649117     
  -9.14564347016936452     
  -9.73878645277865651     
  -10.7230558870425998     
  -12.0388828558425356     
  -13.4005590018532921     
  -14.3930248570603005     
  -14.8678525466040075     
  -15.1631101212509893     
  -15.1996917158059457     
  -14.9446313049237212     
  -14.5906804538139809     
  -13.9812774539472997     
  -13.2412318529321720     
  -12.1121514680282480     
  -10.8535177067520632     
  -9.39620513393675871     
  -8.10530968745028879     
  -6.55455693145910168     
  -5.17293537751202326     
  -3.99492655133446961     
  -2.85044939891292737     
  -1.92123766224343218     
  -1.14722760853000283     
 -0.566350211293439876     
  0.319142189475515453E-01 
  0.597804276840859461     
   1.10488438682943646     
   1.63003890979519994     
   2.12958912268272460     
   2.57074201927262136     
   2.87366666828038042     
   3.06541755354048018     
   3.15947162625241607     
   3.11850941185793040     
   3.00745874218611808     
   2.83915312807906917     
   2.56964177218449485     
   2.14633830482798649     
   1.81075919842708122     
   1.43711961648192688     
   1.18888937498800340     
  0.813837097337571369     
  0.107316685988381844     
 -0.615255396634337148     
  -1.42990577978947497     
  -2.00824555215999512     
  -2.30205496774751817     
  -2.78315897317117278     
  -3.30864523259707122     
  -3.77578151029861520     
  -4.13885730859230350     
  -4.59500920206171060     
  -4.94413157182840646     
  -5.30120774032426567     
  -5.64096956713622788     
  -5.95187384532738673     
  -6.24044408567645359     
  -6.49557209783188050     
  -6.72895589523596094     
  -6.94507884660577446     
  -7.15049404513592002     
  -7.34347672782058236     
  -7.53700723933729755     
  -7.73232357869716846     
  -7.91846500714608492     
  -8.10766119518168260     
  -8.30274926834050575     
  -8.49254907217948407     
  -8.68235700920922859     
  -8.87299472593617367     
  -9.05269132911232788     
  -9.22315913984670210     
  -9.38693007410478408     
  -9.54041107222708007     
  -9.69002018779640650     
  -9.83461678662994387     
  -9.97543440072086796     
  -10.1144643025708412     
  -10.2596897834404572     
  -10.3978356244339203     
  -10.5381686175877789     
  -10.6910360638584621     
  -10.8151738797651724     
  -10.9416171174475796     
  -11.0632158030055212     
  -11.1592050985453355     
  -11.2577739778151074     
  -11.3759682525221031     
  -11.4967982989240785     
  -11.4864509599902700     
  -15.5859014906471316     
  -15.2485344180445921     
  -14.9856984306058560     
  -14.5484840491215781     
  -14.0534441187738590     
  -13.3629889438699152     
  -12.4263380142847240     
  -11.1752406559869826     
  -9.99411123500073906     
  -8.61946048404401033     
  -7.39243294361101722     
  -6.21568570393621300     
  -4.97862170456002584     
  -4.12498689679992303     
  -3.10281890378953218     
  -2.15985022823760131     
  -1.40549709046234672     
 -0.617124849506218487     
 -0.259095249683183662E-01 
  0.563381381780514889     
   1.07672347715415584     
   1.60508128917627735     
   1.92619304525212787     
   2.09985355164449494     
   2.44614819036413866     
   2.80053305616273907     
   3.05964984422482900     
   3.34350700330615647     
   3.51401133305578295     
   3.53579785560272963     
   3.51863973089196502     
   3.58001821571578516     
   3.59984090765938936     
   3.54526378733487979     
   3.34422771743005010     
   3.07339598648879164     
   2.85592137703001470     
   2.59757300540545888     
   2.54461897123175174     
   2.97637157507375161     
   3.46483221946007358     
   4.28159559699708225     
   5.59259442895103209     
   7.09754098891629948     
   8.96034590534977760     
   10.1230271610138569     
   10.6700147232693041     
   11.7477767554304862     
   12.6148801399480686     
   13.9023386042306836     
   14.3596923017718439     
   14.3893051113828374     
   12.6769179740727438     
   8.65930184965546523     
   1.82337105296796498     
  -5.29300098281351872     
  -10.4908939457447037     
  -16.0988097133020851     
  -19.6048023608652073     
  -20.9250527555456181     
  -20.3429198763587848     
  -19.5750470557153555     
  -18.2918193879404107     
  -17.5510047544469003     
  -16.8927736297915381     
  -16.1947191658808940     
  -15.4825880389890767     
  -15.6032143605127533     
  -15.6254947225975283     
  -15.7932982347944559     
  -10.0201978450217162     
  -10.1493862213009223     
  -10.2782245278974305     
  -10.4045747095904666     
  -10.5324465376144580     
  -10.6604987915351774     
  -10.7887247329314206     
  -10.9177364115882796     
  -11.0452991437726702     
  -11.1751222814239970     
  -11.2973237448559836     
  -11.4187475328543648     
  -11.5627415437793353     
  -11.7106123371220843     
  -11.8006143221128692     
  -11.6761536886580224     
  -11.5726034021687099     
  -11.5045853761880092     
  -11.5267370271296521     
  -11.7922634472715782     
  -12.2815444988925258     
  -12.9203636369326080     
  -13.4218901681510232     
  -13.5058889676241378     
  -12.8756865640874718     
  -12.2412950127846489     
  -11.9580676287441943     
  -11.1552744261977317     
  -8.34036713009663266     
  -5.95463341900404064     
  -4.72039726287099892     
  -4.38402517891208721     
  -3.74908487499631038     
  -3.34165136961337783     
  -2.91000130341685725     
  -2.91128261363573637     
  -3.05956296452516474     
  -3.19713494660688724     
  -3.35334180238295376     
  -3.68415197152260765     
  -4.11171306874789533     
  -4.40911755082731727     
  -4.63367646103943276     
  -4.95044512930756841     
  -5.20709316898426167     
  -5.50223141010525651     
  -5.77801068564838616     
  -6.03938705286667066     
  -6.28056079458404248     
  -6.51933928546550057     
  -6.73776881079039658     
  -6.94214050081000789     
  -7.13260922875913028     
  -7.32942087834137102     
  -7.51848691429694593     
  -7.71167357651799179     
  -7.88975183100202937     
  -8.06479392990214095     
  -8.24249192899193517     
  -8.42250998452915312     
  -8.60219665114980891     
  -8.76187798176522215     
  -8.91342375373808871     
  -9.08012145726566722     
  -9.24070197401090354     
  -9.37388068609841874     
  -9.51280936703534508     
  -9.64802740846052842     
  -9.78468862440027110     
  -9.89260456961317125     
  -7.98782000000076486     
  -8.18921000000186794     
  -9.51085000000154324     
  -11.5255000000002195     
  -13.7472999999994876     
  -15.6499999999977550     
  -16.4436999999993638     
  -17.0318999999991938     
  -17.6683999999990569     
  -18.5454999999993113     
  -19.9028999999989225     
  -22.0289999999975414     
  -24.3526999999952771     
  -25.6899999999925690     
  -24.5250999999911059     
  -19.8180999999937733     
  -11.8026999999957312     
  -1.37892999999949861     
   10.3284999999954668     
   20.6499999999869281     
   21.5901999999914729     
   19.8771999999935218     
   17.2449999999963879     
   14.8993999999983942     
   13.4771999999987724     
   12.8153999999986201     
   12.3488999999970641     
   11.3855999999974067     
   9.79999999999874305     
   8.32971999999797141     
   6.36563999999734254     
   3.85897999999792551     
  0.692501999998067941     
  -3.40580000000210825     
  -8.67202000000004425     
  -14.1518999999961839     
  -17.7940999999933851     
  -18.2782999999959195     
  -17.8860999999981729     
  -17.5334999999985897     
  -17.0999999999968573     
  -15.4073999999985478     
  -13.5710999999994488     
  -12.1821000000002080     
  -11.4907000000004835     
  -11.4145000000002153     
  -11.5806999999999309     
  -11.7662999999997915     
  -11.9261999999997776     
  -12.0012999999996879     
  -12.0213999999997494     
  -12.0617999999993888     
  -11.9595999999989946     
  -11.2186999999994477     
  -10.0836000000001462     
  -9.07794000000059675     
  -8.41975000000072349     
  -8.08883000000085595     
  -8.07211000000042134     
  -7.76415000000133482     
  -8.48451899282804334     
  -7.66906283692051005     
  -7.45847863852125403     
  -7.14550348935564816     
  -9.55279845365681446     
  -7.64297667833685601     
  -7.38325650055354377     
  -7.16451237461308743     
  -9.81715611623197049     
  -6.99440024803832916     
  -6.78697166534550522     
  -10.0746541738418891     
  -9.41125785891428812     
  -9.10689504348764167     
  -8.74278516878460898     
  -8.33283658885867418     
  -7.90242928153057100     
  -9.87412602578555543     
  -9.63729459742622296     
  -9.31198179403101811     
  -8.89329525438168744     
  -8.40057256634632310     
  -7.87294018294810360     
  -7.35493893762888362     
  -6.88221183324605779     
  -10.2972812948881707     
  -10.1655606305839203     
  -9.95181271097403730     
  -9.61044228082850971     
  -9.11784148836480668     
  -8.50321823919683162     
  -7.83381994628663580     
  -7.18157415930887311     
  -6.59810083625936539     
  -6.11112933591839624     
  -10.6712343674295997     
  -10.6050352212648225     
  -10.5390224906878913     
  -10.3939533350574980     
  -10.0601331299441838     
  -9.46441017905220683     
  -8.66063895578955822     
  -7.77754720369273578     
  -6.93943691706061205     
  -6.21748801656414063     
  -5.63570303876901502     
  -10.9421600329618656     
  -10.9915407758453387     
  -11.0248450086238829     
  -10.7717267248385031     
  -10.0190271421102803     
  -8.89738020121645867     
  -7.67629299563414058     
  -6.58113828867670136     
  -5.69671127416756828     
  -5.02461793756582686     
  -11.2686478708793754     
  -11.4601355711077026     
  -11.9421591987542186     
  -11.9829016186756547     
  -10.9425914633339403     
  -9.23356171133185555     
  -7.44910628895067362     
  -6.01211196784448187     
  -4.96360085386360517     
  -4.23671420701776391     
  -9.64516889182632475     
  -6.87445848099221113     
  -5.05460243988695179     
  -3.90886596642460749     
  -2.49462296235906633     
  -1.90049409589628371     
  -1.47787503891868699     
  -2.04661472538776090     
 -0.866786029251644496     
 -0.445409172310070711     
 -0.340154561384326315     
 -0.376676230531224232     
   3.01964958086587298     
   2.42686429667041592     
   1.85095471254571287     
   1.36058739336662216     
  0.719088099085164356     
   6.91433500696457681     
   2.11724099883388384     
   7.94955008945306130     
   5.54053304399095214     
   4.01900601183339035     
   8.90603680508657192     
   6.28093625411925593     
   4.60481462067191227     
  -11.6774974537989813     
   8.47084512365460007     
   6.07236054672758829     
   4.57113406537294953     
  -12.7564426350361959     
   8.85837502471058258     
   6.49489345224406467     
   4.96652674376354852     
   3.95930660156721936     
   1.49390194677283272     
   3.56068836853069470     
   3.68382691684752039     
   3.33954637451530889     
   2.94544578836328741     
  -14.2450126220926112     
  -16.1077102022162215     
  -15.7609677596005984     
  -12.5729767006318518     
  -7.13587639058951595     
  -2.33273924948264133     
  0.206649585791845447     
   1.34017947210002020     
  -7.13924946789289550     
  -3.89563213990571855     
  -13.3728219141214417     
 -0.292900387999467937E-01 
  -10.4487061007963451     
  -3.21018128770433142     
  -2.03006888041906297     
  -1.21078133407601229     
 -0.678455691587976140     
  -1.54325267522375675     
